0	290	147
0	288	134
0	288	141
0	282	173
0	216	108
0	275	111
0	212	174
0	315	142
1	97	248
1	97	247
1	97	246
1	98	245
1	99	244
1	100	243
1	99	242
1	99	241
1	99	240
1	99	239
1	99	238
1	99	237
1	99	236
1	99	235
1	99	234
1	100	233
1	100	232
1	100	231
1	100	230
1	101	229
1	101	228
1	101	227
1	101	226
1	102	225
1	102	224
1	102	223
1	103	222
1	103	221
1	104	220
1	105	219
1	106	218
1	107	218
1	108	217
1	108	216
1	108	215
1	109	214
1	110	213
1	111	213
1	112	212
1	113	211
1	114	211
1	115	210
1	116	210
1	117	209
1	118	209
1	119	208
1	120	207
1	121	206
1	122	206
1	123	205
1	124	205
1	125	205
1	126	204
1	127	204
1	128	203
1	129	203
1	130	203
1	131	203
1	132	202
1	133	202
1	134	202
1	135	202
1	136	202
1	137	201
1	138	201
1	139	201
1	140	201
1	141	202
1	142	202
1	143	202
1	144	202
1	145	202
1	146	202
1	147	202
1	148	203
1	149	203
1	150	203
1	151	203
1	152	204
1	153	204
1	154	205
1	155	205
1	156	206
1	157	207
1	158	207
1	159	207
1	160	208
1	161	208
1	162	208
1	163	209
1	164	209
1	165	209
1	166	209
1	167	209
1	168	209
1	169	210
1	170	210
1	171	211
1	172	212
1	173	211
1	174	212
1	175	213
1	176	213
1	177	214
1	178	215
1	179	216
1	180	216
1	181	216
1	182	217
1	183	217
1	184	218
1	185	219
1	186	220
1	187	221
1	188	222
1	189	223
1	190	224
1	191	225
1	192	226
1	192	227
1	193	228
1	193	229
1	194	230
1	195	231
1	196	232
1	196	233
1	197	234
1	197	235
1	198	236
1	198	237
1	198	238
1	199	239
1	199	240
1	199	241
1	199	242
1	199	243
1	199	244
1	199	245
1	199	246
1	199	247
1	198	248
1	198	249
1	198	250
1	198	251
1	197	252
1	197	253
1	197	254
1	196	255
1	196	256
1	195	257
1	195	258
1	195	259
1	195	260
1	195	261
1	195	262
1	195	263
1	194	264
1	194	265
1	194	266
1	193	267
1	193	268
1	193	269
1	192	270
1	191	271
1	191	272
1	190	273
1	189	274
1	188	275
1	187	275
1	186	276
1	185	277
1	184	277
1	183	278
1	182	278
1	181	279
1	180	279
1	179	280
1	178	280
1	177	281
1	176	281
1	175	282
1	174	282
1	173	282
1	172	283
1	171	283
1	170	283
1	169	283
1	168	283
1	167	283
1	166	283
1	165	283
1	164	283
1	163	283
1	162	283
1	161	283
1	160	283
1	159	283
1	158	283
1	157	283
1	156	283
1	155	283
1	154	283
1	153	284
1	152	284
1	151	285
1	150	286
1	149	287
1	149	288
1	148	289
1	148	290
1	147	289
1	146	289
1	145	289
1	144	289
1	143	288
1	142	288
1	141	288
1	140	288
1	139	288
1	138	288
1	137	287
1	136	287
1	135	287
1	134	287
1	133	286
1	133	285
1	133	284
1	132	283
1	132	282
1	131	281
1	130	281
1	129	281
1	128	280
1	127	280
1	126	280
1	125	280
1	124	280
1	123	279
1	122	279
1	121	278
1	120	278
1	119	278
1	118	277
1	117	277
1	116	276
1	115	276
1	114	275
1	113	276
1	112	276
1	111	275
1	110	275
1	109	275
1	108	275
1	107	275
1	106	275
1	105	274
1	104	274
1	103	273
1	102	273
1	101	272
1	100	271
1	100	270
1	100	269
1	99	268
1	99	267
1	99	266
1	99	265
1	99	264
1	99	263
1	98	262
1	98	261
1	97	260
1	97	259
1	97	258
1	96	257
1	96	256
1	96	255
1	96	254
1	96	253
1	96	252
1	96	251
1	96	250
1	96	249
1	84	266
1	84	265
1	84	264
1	85	263
1	85	262
1	86	261
1	87	260
1	87	259
1	87	258
1	87	257
1	87	256
1	88	255
1	88	254
1	88	253
1	89	252
1	89	251
1	90	250
1	90	249
1	91	248
1	91	247
1	91	246
1	92	245
1	92	244
1	92	243
1	93	242
1	93	241
1	93	240
1	94	239
1	95	238
1	95	237
1	96	236
1	96	235
1	97	234
1	98	233
1	98	232
1	99	231
1	100	230
1	101	229
1	102	229
1	103	228
1	104	228
1	105	228
1	106	228
1	107	228
1	108	227
1	109	226
1	110	225
1	111	224
1	112	224
1	113	223
1	114	223
1	115	222
1	116	222
1	117	222
1	118	222
1	119	222
1	120	221
1	121	221
1	122	221
1	123	221
1	124	221
1	125	221
1	126	220
1	127	220
1	128	220
1	129	219
1	130	219
1	131	218
1	132	217
1	133	217
1	134	216
1	135	216
1	136	216
1	137	215
1	138	215
1	139	215
1	140	214
1	141	214
1	142	214
1	143	214
1	144	214
1	145	214
1	146	215
1	147	214
1	148	214
1	149	213
1	150	213
1	151	213
1	152	213
1	153	213
1	154	213
1	155	213
1	156	213
1	157	213
1	158	214
1	159	214
1	160	215
1	161	215
1	162	215
1	163	216
1	164	216
1	165	217
1	166	217
1	167	217
1	168	217
1	169	217
1	170	217
1	171	217
1	172	217
1	173	217
1	174	217
1	175	217
1	176	218
1	177	218
1	178	219
1	179	220
1	180	220
1	181	220
1	182	221
1	183	221
1	184	222
1	185	222
1	186	223
1	187	223
1	188	224
1	189	225
1	190	225
1	190	226
1	191	227
1	191	228
1	192	229
1	193	230
1	194	230
1	195	230
1	196	231
1	197	232
1	198	233
1	199	234
1	200	235
1	201	236
1	202	237
1	203	238
1	203	239
1	204	240
1	204	241
1	205	242
1	205	243
1	206	244
1	206	245
1	206	246
1	206	247
1	207	248
1	207	249
1	207	250
1	207	251
1	207	252
1	207	253
1	207	254
1	207	255
1	207	256
1	207	257
1	207	258
1	208	259
1	208	260
1	208	261
1	208	262
1	207	263
1	207	264
1	208	265
1	208	266
1	209	267
1	209	268
1	209	269
1	209	270
1	209	271
1	209	272
1	209	273
1	209	274
1	208	275
1	208	276
1	208	277
1	208	278
1	208	279
1	207	280
1	207	281
1	206	282
1	206	283
1	205	284
1	205	285
1	204	286
1	203	287
1	202	288
1	201	289
1	200	290
1	200	291
1	199	292
1	198	293
1	197	294
1	196	295
1	195	296
1	195	297
1	194	298
1	193	299
1	192	300
1	191	301
1	190	301
1	189	302
1	188	302
1	187	303
1	186	304
1	185	304
1	184	305
1	183	305
1	182	305
1	181	306
1	180	306
1	179	307
1	178	307
1	177	307
1	176	307
1	175	308
1	174	308
1	173	308
1	172	308
1	171	308
1	170	308
1	169	308
1	168	308
1	167	308
1	166	308
1	165	308
1	164	308
1	163	309
1	162	309
1	161	309
1	160	309
1	159	309
1	158	309
1	157	309
1	156	310
1	155	311
1	155	312
1	155	313
1	154	312
1	153	312
1	152	312
1	151	313
1	150	313
1	149	313
1	148	313
1	147	313
1	146	313
1	145	314
1	144	314
1	143	314
1	142	314
1	141	315
1	140	314
1	140	313
1	139	312
1	138	311
1	137	310
1	136	309
1	135	309
1	134	309
1	133	309
1	132	309
1	131	309
1	130	309
1	129	309
1	128	309
1	127	309
1	126	310
1	125	310
1	124	310
1	123	311
1	122	311
1	121	311
1	120	311
1	119	311
1	118	311
1	117	311
1	116	311
1	115	311
1	114	310
1	113	310
1	112	310
1	111	310
1	110	309
1	109	309
1	108	309
1	107	308
1	106	308
1	105	307
1	104	307
1	103	307
1	102	306
1	101	306
1	100	305
1	99	304
1	98	303
1	97	303
1	96	302
1	95	301
1	95	300
1	94	299
1	93	298
1	93	297
1	93	296
1	93	295
1	93	294
1	92	293
1	91	292
1	91	291
1	91	290
1	90	289
1	90	288
1	89	287
1	89	286
1	88	285
1	87	284
1	87	283
1	87	282
1	86	281
1	86	280
1	85	279
1	85	278
1	85	277
1	84	276
1	84	275
1	84	274
1	83	273
1	83	272
1	83	271
1	83	270
1	83	269
1	83	268
1	83	267
1	86	213
1	86	212
1	87	211
1	86	210
1	86	209
1	87	208
1	87	207
1	87	206
1	88	205
1	88	204
1	88	203
1	88	202
1	88	201
1	88	200
1	89	199
1	89	198
1	89	197
1	89	196
1	90	195
1	90	194
1	90	193
1	90	192
1	91	191
1	91	190
1	91	189
1	92	188
1	92	187
1	93	186
1	93	185
1	94	184
1	94	183
1	95	182
1	96	181
1	97	180
1	98	179
1	98	178
1	98	177
1	99	176
1	99	175
1	100	174
1	101	173
1	102	172
1	103	171
1	104	171
1	105	170
1	105	169
1	106	168
1	107	167
1	108	166
1	109	165
1	110	164
1	111	164
1	112	163
1	112	162
1	113	161
1	114	160
1	115	160
1	116	159
1	117	158
1	118	157
1	119	156
1	120	155
1	121	154
1	122	153
1	123	152
1	124	152
1	125	151
1	126	151
1	127	150
1	128	149
1	129	149
1	130	149
1	131	149
1	132	148
1	133	148
1	134	149
1	135	149
1	136	149
1	137	149
1	138	148
1	139	148
1	140	148
1	141	148
1	142	148
1	143	148
1	144	148
1	145	148
1	146	148
1	147	148
1	148	148
1	149	148
1	150	149
1	151	149
1	152	149
1	153	150
1	154	150
1	155	150
1	156	150
1	157	150
1	158	150
1	159	150
1	160	150
1	161	150
1	162	151
1	163	151
1	164	151
1	165	152
1	166	152
1	167	153
1	168	153
1	169	153
1	170	154
1	171	154
1	172	154
1	173	155
1	174	156
1	175	156
1	176	157
1	177	157
1	178	158
1	179	158
1	180	159
1	181	159
1	182	160
1	183	160
1	184	161
1	185	162
1	186	163
1	186	164
1	187	165
1	188	166
1	189	166
1	190	166
1	191	167
1	192	167
1	193	168
1	194	169
1	195	170
1	196	171
1	197	172
1	197	173
1	198	174
1	198	175
1	199	176
1	199	177
1	200	178
1	200	179
1	200	180
1	201	181
1	201	182
1	201	183
1	202	184
1	202	185
1	202	186
1	202	187
1	203	188
1	203	189
1	204	190
1	205	191
1	205	192
1	205	193
1	206	194
1	206	195
1	207	196
1	208	197
1	208	198
1	208	199
1	209	200
1	209	201
1	209	202
1	209	203
1	209	204
1	209	205
1	209	206
1	209	207
1	209	208
1	209	209
1	209	210
1	209	211
1	209	212
1	209	213
1	208	214
1	208	215
1	208	216
1	208	217
1	207	218
1	207	219
1	206	220
1	205	221
1	205	222
1	204	223
1	204	224
1	203	225
1	202	226
1	202	227
1	202	228
1	201	229
1	200	230
1	199	231
1	199	232
1	199	233
1	198	234
1	197	235
1	197	236
1	196	237
1	195	237
1	194	238
1	193	239
1	192	239
1	191	240
1	190	240
1	189	241
1	188	241
1	187	242
1	186	242
1	185	242
1	184	243
1	183	243
1	182	243
1	181	244
1	180	244
1	179	244
1	178	244
1	177	244
1	176	244
1	175	244
1	174	244
1	173	244
1	172	244
1	171	244
1	170	245
1	169	245
1	168	245
1	167	245
1	166	245
1	165	246
1	164	246
1	163	247
1	162	248
1	161	249
1	160	250
1	160	251
1	159	252
1	158	253
1	158	254
1	158	255
1	157	256
1	157	257
1	157	258
1	157	259
1	156	259
1	155	259
1	154	259
1	153	259
1	152	259
1	151	259
1	150	259
1	149	258
1	148	258
1	147	258
1	146	258
1	145	258
1	144	258
1	143	259
1	143	258
1	143	257
1	142	256
1	142	255
1	141	254
1	141	253
1	140	252
1	139	251
1	138	250
1	137	249
1	136	248
1	135	248
1	134	248
1	133	248
1	132	249
1	131	249
1	130	249
1	129	249
1	128	250
1	127	250
1	126	250
1	125	250
1	124	250
1	123	250
1	122	250
1	121	250
1	120	250
1	119	250
1	118	250
1	117	250
1	116	250
1	115	250
1	114	250
1	113	250
1	112	250
1	111	250
1	110	250
1	109	249
1	108	249
1	107	249
1	106	248
1	105	248
1	104	248
1	103	247
1	102	247
1	101	246
1	100	245
1	99	244
1	98	244
1	97	243
1	96	242
1	95	241
1	95	240
1	95	239
1	94	238
1	93	237
1	92	236
1	92	235
1	91	234
1	91	233
1	90	232
1	90	231
1	89	230
1	88	229
1	88	228
1	87	227
1	87	226
1	86	225
1	86	224
1	86	223
1	85	222
1	85	221
1	85	220
1	85	219
1	85	218
1	85	217
1	85	216
1	85	215
1	85	214
1	85	226
1	85	225
1	85	224
1	85	223
1	85	222
1	85	221
1	85	220
1	85	219
1	86	218
1	86	217
1	86	216
1	86	215
1	86	214
1	86	213
1	86	212
1	86	211
1	87	210
1	87	209
1	87	208
1	87	207
1	87	206
1	88	205
1	88	204
1	88	203
1	89	202
1	89	201
1	90	200
1	90	199
1	91	198
1	91	197
1	92	196
1	93	195
1	94	194
1	95	193
1	96	192
1	97	192
1	98	191
1	99	190
1	100	189
1	101	188
1	101	187
1	102	186
1	103	186
1	104	185
1	105	185
1	106	184
1	107	184
1	108	183
1	109	183
1	110	183
1	111	183
1	112	182
1	113	181
1	114	181
1	115	180
1	116	180
1	117	180
1	118	179
1	119	179
1	120	178
1	121	178
1	122	177
1	123	176
1	124	175
1	125	175
1	126	174
1	127	174
1	128	173
1	129	173
1	130	172
1	131	172
1	132	172
1	133	172
1	134	172
1	135	172
1	136	171
1	136	170
1	137	169
1	138	169
1	139	168
1	140	168
1	141	167
1	142	167
1	143	167
1	144	167
1	145	167
1	146	167
1	147	167
1	148	167
1	149	167
1	150	167
1	151	168
1	152	168
1	153	168
1	154	168
1	155	168
1	156	168
1	157	168
1	158	168
1	159	168
1	160	169
1	161	169
1	162	169
1	163	170
1	164	170
1	165	170
1	166	170
1	167	170
1	168	171
1	169	171
1	170	172
1	171	172
1	172	172
1	173	173
1	174	173
1	175	173
1	176	173
1	177	173
1	178	173
1	179	174
1	180	174
1	181	175
1	182	176
1	183	177
1	184	177
1	185	177
1	186	177
1	187	177
1	188	178
1	189	178
1	190	179
1	191	179
1	192	180
1	193	181
1	194	181
1	195	182
1	196	183
1	196	184
1	197	185
1	198	186
1	198	187
1	199	188
1	200	189
1	200	190
1	201	191
1	201	192
1	201	193
1	202	194
1	202	195
1	203	196
1	203	197
1	204	198
1	204	199
1	205	200
1	205	201
1	206	202
1	206	203
1	207	204
1	207	205
1	208	206
1	208	207
1	208	208
1	208	209
1	208	210
1	207	211
1	208	212
1	209	213
1	210	214
1	210	215
1	211	216
1	211	217
1	211	218
1	211	219
1	211	220
1	211	221
1	211	222
1	211	223
1	212	224
1	211	225
1	211	226
1	211	227
1	211	228
1	211	229
1	211	230
1	211	231
1	210	232
1	210	233
1	210	234
1	209	235
1	209	236
1	208	237
1	208	238
1	208	239
1	207	240
1	207	241
1	206	242
1	205	243
1	204	244
1	204	245
1	204	246
1	203	247
1	203	248
1	202	249
1	201	250
1	200	251
1	199	252
1	198	253
1	197	253
1	196	254
1	195	254
1	194	255
1	193	256
1	192	256
1	191	257
1	190	257
1	189	258
1	188	258
1	187	258
1	186	259
1	185	259
1	184	259
1	183	259
1	182	260
1	181	260
1	180	260
1	179	260
1	178	260
1	177	260
1	176	260
1	175	260
1	174	259
1	173	259
1	172	259
1	171	259
1	170	259
1	169	258
1	168	258
1	167	258
1	166	257
1	165	257
1	164	257
1	163	258
1	163	259
1	163	260
1	162	261
1	162	262
1	161	261
1	160	261
1	159	261
1	158	260
1	157	260
1	156	260
1	155	260
1	154	260
1	153	259
1	152	259
1	151	259
1	150	259
1	149	258
1	148	258
1	147	258
1	146	259
1	145	260
1	144	261
1	143	262
1	142	263
1	141	263
1	140	264
1	139	264
1	138	265
1	137	266
1	136	266
1	135	266
1	134	267
1	133	267
1	132	267
1	131	267
1	130	267
1	129	267
1	128	267
1	127	267
1	126	267
1	125	267
1	124	267
1	123	267
1	122	267
1	121	267
1	120	267
1	119	267
1	118	266
1	117	266
1	116	266
1	115	266
1	114	266
1	113	266
1	112	266
1	111	266
1	110	265
1	109	265
1	108	265
1	107	264
1	106	264
1	105	263
1	104	262
1	103	261
1	102	260
1	101	260
1	100	259
1	99	258
1	98	257
1	97	256
1	96	255
1	95	254
1	94	253
1	93	252
1	92	252
1	91	251
1	90	250
1	89	249
1	89	248
1	88	247
1	87	246
1	87	245
1	86	244
1	86	243
1	86	242
1	85	241
1	85	240
1	85	239
1	85	238
1	86	237
1	86	236
1	86	235
1	85	234
1	84	233
1	84	232
1	84	231
1	84	230
1	84	229
1	84	228
1	84	227
1	92	210
1	92	209
1	92	208
1	92	207
1	93	206
1	93	205
1	93	204
1	93	203
1	94	202
1	94	201
1	94	200
1	94	199
1	95	198
1	95	197
1	95	196
1	95	195
1	95	194
1	95	193
1	96	192
1	96	191
1	96	190
1	97	189
1	97	188
1	98	187
1	98	186
1	99	185
1	100	184
1	101	183
1	102	182
1	103	181
1	104	180
1	105	179
1	106	179
1	107	179
1	108	178
1	109	177
1	110	176
1	110	175
1	111	174
1	112	173
1	113	173
1	114	172
1	115	172
1	116	171
1	117	171
1	118	171
1	119	170
1	120	170
1	121	170
1	122	169
1	123	169
1	124	168
1	125	168
1	126	168
1	127	167
1	128	167
1	129	166
1	130	166
1	131	165
1	132	165
1	133	165
1	134	165
1	135	165
1	136	165
1	137	166
1	138	165
1	139	165
1	140	164
1	141	165
1	142	165
1	143	165
1	144	165
1	145	165
1	146	164
1	147	164
1	148	164
1	149	163
1	150	163
1	151	162
1	152	162
1	153	162
1	154	162
1	155	162
1	156	162
1	157	162
1	158	162
1	159	163
1	160	163
1	161	163
1	162	163
1	163	162
1	164	162
1	165	162
1	166	162
1	167	163
1	168	163
1	169	163
1	170	164
1	171	165
1	172	165
1	173	166
1	174	167
1	175	167
1	176	168
1	177	168
1	178	168
1	179	169
1	180	169
1	181	170
1	182	170
1	183	170
1	184	171
1	185	172
1	186	172
1	187	173
1	188	173
1	189	174
1	190	175
1	191	175
1	192	176
1	193	176
1	194	177
1	195	177
1	196	178
1	197	178
1	198	179
1	198	180
1	199	181
1	200	182
1	201	182
1	202	182
1	203	182
1	204	183
1	205	183
1	206	184
1	207	185
1	208	186
1	209	187
1	209	188
1	210	189
1	210	190
1	211	191
1	211	192
1	212	193
1	212	194
1	213	195
1	213	196
1	213	197
1	214	198
1	214	199
1	214	200
1	215	201
1	215	202
1	216	203
1	216	204
1	216	205
1	217	206
1	217	207
1	217	208
1	217	209
1	217	210
1	217	211
1	217	212
1	217	213
1	217	214
1	217	215
1	217	216
1	216	217
1	217	218
1	218	219
1	218	220
1	218	221
1	219	222
1	219	223
1	219	224
1	219	225
1	219	226
1	219	227
1	220	228
1	220	229
1	219	230
1	219	231
1	219	232
1	219	233
1	219	234
1	218	235
1	218	236
1	218	237
1	218	238
1	217	239
1	217	240
1	216	241
1	216	242
1	215	243
1	215	244
1	214	245
1	214	246
1	213	247
1	212	248
1	211	249
1	211	250
1	211	251
1	210	252
1	210	253
1	209	254
1	208	255
1	207	256
1	206	257
1	205	257
1	204	258
1	203	258
1	202	259
1	201	259
1	200	260
1	199	260
1	198	260
1	197	261
1	196	261
1	195	261
1	194	261
1	193	261
1	192	261
1	191	262
1	190	262
1	189	262
1	188	262
1	187	262
1	186	262
1	185	262
1	184	262
1	183	262
1	182	262
1	181	262
1	180	262
1	179	261
1	178	261
1	177	261
1	176	261
1	175	260
1	174	260
1	173	259
1	172	259
1	171	258
1	170	258
1	169	258
1	168	257
1	167	256
1	166	256
1	165	257
1	164	257
1	163	258
1	162	259
1	161	260
1	161	261
1	160	262
1	160	263
1	159	264
1	159	265
1	159	266
1	158	265
1	157	265
1	156	265
1	155	265
1	154	265
1	153	265
1	152	265
1	151	266
1	150	266
1	149	266
1	148	266
1	147	266
1	146	266
1	145	266
1	144	266
1	143	267
1	143	266
1	143	265
1	142	264
1	142	263
1	141	262
1	141	261
1	140	260
1	139	259
1	139	258
1	138	257
1	137	256
1	136	256
1	135	257
1	134	257
1	133	257
1	132	257
1	131	258
1	130	258
1	129	259
1	128	259
1	127	259
1	126	259
1	125	259
1	124	259
1	123	259
1	122	259
1	121	259
1	120	258
1	119	258
1	118	258
1	117	258
1	116	257
1	115	257
1	114	256
1	113	256
1	112	255
1	111	255
1	110	254
1	109	254
1	108	253
1	107	252
1	106	252
1	105	251
1	104	250
1	103	250
1	102	249
1	101	248
1	100	247
1	99	246
1	98	245
1	97	244
1	97	243
1	96	242
1	96	241
1	96	240
1	95	239
1	95	238
1	94	237
1	94	236
1	94	235
1	93	234
1	93	233
1	93	232
1	93	231
1	93	230
1	93	229
1	93	228
1	93	227
1	93	226
1	92	225
1	92	224
1	92	223
1	92	222
1	92	221
1	92	220
1	92	219
1	92	218
1	92	217
1	92	216
1	92	215
1	91	214
1	91	213
1	91	212
1	91	211
1	75	227
1	75	226
1	76	225
1	77	224
1	77	223
1	77	222
1	77	221
1	77	220
1	77	219
1	77	218
1	77	217
1	78	216
1	78	215
1	78	214
1	78	213
1	79	212
1	79	211
1	79	210
1	80	209
1	80	208
1	81	207
1	82	206
1	83	205
1	83	204
1	84	203
1	84	202
1	85	201
1	85	200
1	85	199
1	86	198
1	86	197
1	87	196
1	87	195
1	88	194
1	88	193
1	89	192
1	90	191
1	91	190
1	92	189
1	92	188
1	93	187
1	94	187
1	95	186
1	96	186
1	97	185
1	98	185
1	99	184
1	100	183
1	100	182
1	101	181
1	102	180
1	103	180
1	104	179
1	105	179
1	106	179
1	107	178
1	108	178
1	109	177
1	110	177
1	111	176
1	112	176
1	113	175
1	114	175
1	115	174
1	116	173
1	117	173
1	118	173
1	119	172
1	120	172
1	121	172
1	122	171
1	123	171
1	124	170
1	125	170
1	126	169
1	127	169
1	128	169
1	129	168
1	130	168
1	131	168
1	132	167
1	133	167
1	134	167
1	135	166
1	136	166
1	137	166
1	138	166
1	139	165
1	140	165
1	141	165
1	142	165
1	143	166
1	144	166
1	145	166
1	146	166
1	147	166
1	148	166
1	149	165
1	150	165
1	151	165
1	152	165
1	153	165
1	154	165
1	155	166
1	156	166
1	157	166
1	158	167
1	159	167
1	160	168
1	161	168
1	162	169
1	163	169
1	164	170
1	165	170
1	166	170
1	167	170
1	168	171
1	169	171
1	170	171
1	171	172
1	172	172
1	173	173
1	174	174
1	175	175
1	176	176
1	177	176
1	178	177
1	179	177
1	180	178
1	181	179
1	182	180
1	183	181
1	184	182
1	185	183
1	186	183
1	187	184
1	188	184
1	189	185
1	190	186
1	191	186
1	192	187
1	193	188
1	194	189
1	195	190
1	195	191
1	196	192
1	196	193
1	197	194
1	198	194
1	199	195
1	200	195
1	200	196
1	201	197
1	202	198
1	202	199
1	203	200
1	203	201
1	203	202
1	203	203
1	203	204
1	202	205
1	201	206
1	200	207
1	201	208
1	201	209
1	202	210
1	203	210
1	204	211
1	205	212
1	206	212
1	207	213
1	208	214
1	209	215
1	210	216
1	210	217
1	210	218
1	210	219
1	211	220
1	212	220
1	213	221
1	214	222
1	215	223
1	215	224
1	216	225
1	216	226
1	216	227
1	216	228
1	216	229
1	216	230
1	216	231
1	216	232
1	216	233
1	216	234
1	216	235
1	216	236
1	216	237
1	216	238
1	216	239
1	216	240
1	216	241
1	216	242
1	215	243
1	215	244
1	215	245
1	214	246
1	214	247
1	214	248
1	214	249
1	213	250
1	213	251
1	212	252
1	211	253
1	210	254
1	210	255
1	210	256
1	209	257
1	208	258
1	208	259
1	207	260
1	206	261
1	205	262
1	204	263
1	203	263
1	202	264
1	201	264
1	200	265
1	199	266
1	198	266
1	197	266
1	196	267
1	195	267
1	194	267
1	193	268
1	192	269
1	191	269
1	190	270
1	189	270
1	188	270
1	187	270
1	186	271
1	185	271
1	184	270
1	183	271
1	182	271
1	181	271
1	180	271
1	179	271
1	178	271
1	177	271
1	176	271
1	175	271
1	174	271
1	173	271
1	172	271
1	171	270
1	170	270
1	169	270
1	168	270
1	167	269
1	166	269
1	165	269
1	164	270
1	163	270
1	162	270
1	161	271
1	160	272
1	159	273
1	158	274
1	158	275
1	157	276
1	157	277
1	156	278
1	156	279
1	156	280
1	156	281
1	155	281
1	154	282
1	153	282
1	152	282
1	151	283
1	150	283
1	149	283
1	148	284
1	147	284
1	146	284
1	145	285
1	144	285
1	143	286
1	143	285
1	143	284
1	143	283
1	143	282
1	143	281
1	142	280
1	142	279
1	142	278
1	142	277
1	141	276
1	141	275
1	141	274
1	141	273
1	140	272
1	140	271
1	139	270
1	138	269
1	137	269
1	136	268
1	135	268
1	134	269
1	133	269
1	132	269
1	131	269
1	130	270
1	129	270
1	128	270
1	127	270
1	126	271
1	125	271
1	124	271
1	123	271
1	122	271
1	121	272
1	120	272
1	119	272
1	118	272
1	117	272
1	116	272
1	115	272
1	114	272
1	113	272
1	112	272
1	111	272
1	110	271
1	109	271
1	108	271
1	107	270
1	106	270
1	105	269
1	104	268
1	103	267
1	102	266
1	101	266
1	100	265
1	99	265
1	98	264
1	97	263
1	96	263
1	95	262
1	95	261
1	94	260
1	94	259
1	93	258
1	92	257
1	92	256
1	92	255
1	91	254
1	90	253
1	89	252
1	88	252
1	87	252
1	86	251
1	85	250
1	84	250
1	83	249
1	82	248
1	81	247
1	81	246
1	80	245
1	79	244
1	79	243
1	78	242
1	77	241
1	77	240
1	76	239
1	76	238
1	75	237
1	75	236
1	75	235
1	75	234
1	74	233
1	74	232
1	74	231
1	74	230
1	74	229
1	74	228
1	97	233
1	97	232
1	97	231
1	97	230
1	97	229
1	97	228
1	97	227
1	97	226
1	98	225
1	98	224
1	98	223
1	98	222
1	99	221
1	99	220
1	99	219
1	99	218
1	99	217
1	99	216
1	100	215
1	100	214
1	100	213
1	100	212
1	101	211
1	101	210
1	101	209
1	102	208
1	102	207
1	103	206
1	103	205
1	104	204
1	104	203
1	105	202
1	105	201
1	106	200
1	107	199
1	108	198
1	109	197
1	110	196
1	111	196
1	112	195
1	113	194
1	114	193
1	115	192
1	116	191
1	117	191
1	118	190
1	119	190
1	120	189
1	121	189
1	122	188
1	123	188
1	124	187
1	125	186
1	126	185
1	127	184
1	128	183
1	129	182
1	130	181
1	131	180
1	132	180
1	133	179
1	134	179
1	135	178
1	136	178
1	137	177
1	138	176
1	139	176
1	140	175
1	141	175
1	142	174
1	143	174
1	144	173
1	145	173
1	146	172
1	147	172
1	148	171
1	149	171
1	150	171
1	151	171
1	152	171
1	153	171
1	154	171
1	155	171
1	156	171
1	157	171
1	158	171
1	159	171
1	160	170
1	161	170
1	162	170
1	163	170
1	164	170
1	165	170
1	166	170
1	167	170
1	168	170
1	169	170
1	170	171
1	171	171
1	172	172
1	173	172
1	174	172
1	175	173
1	176	173
1	177	174
1	178	174
1	179	174
1	180	175
1	181	175
1	182	175
1	183	176
1	184	176
1	185	177
1	186	177
1	187	178
1	188	179
1	189	180
1	190	181
1	191	181
1	192	181
1	193	182
1	194	183
1	195	184
1	196	185
1	197	186
1	198	187
1	199	188
1	200	189
1	201	189
1	202	190
1	203	191
1	204	191
1	205	192
1	205	193
1	206	194
1	207	195
1	208	195
1	209	196
1	210	196
1	211	197
1	212	197
1	213	198
1	214	199
1	215	200
1	216	201
1	216	202
1	217	203
1	218	204
1	219	205
1	220	206
1	220	207
1	221	208
1	221	209
1	222	210
1	222	211
1	222	212
1	223	213
1	223	214
1	223	215
1	224	216
1	224	217
1	224	218
1	224	219
1	225	220
1	225	221
1	225	222
1	225	223
1	225	224
1	225	225
1	225	226
1	225	227
1	226	228
1	226	229
1	226	230
1	225	231
1	225	232
1	225	233
1	225	234
1	225	235
1	225	236
1	226	237
1	226	238
1	226	239
1	226	240
1	226	241
1	225	242
1	225	243
1	225	244
1	224	245
1	224	246
1	223	247
1	223	248
1	222	249
1	221	250
1	221	251
1	220	252
1	219	253
1	218	254
1	217	255
1	216	256
1	215	257
1	214	257
1	213	258
1	212	259
1	211	260
1	210	261
1	209	262
1	208	262
1	207	263
1	207	264
1	206	264
1	205	265
1	204	265
1	203	266
1	202	267
1	201	268
1	200	269
1	199	270
1	198	271
1	197	271
1	196	272
1	195	272
1	194	273
1	193	273
1	192	273
1	191	273
1	190	274
1	189	274
1	188	274
1	187	274
1	186	274
1	185	274
1	184	274
1	183	274
1	182	274
1	181	274
1	180	274
1	179	274
1	178	274
1	177	274
1	176	274
1	175	274
1	174	274
1	173	275
1	172	276
1	171	277
1	170	278
1	170	279
1	170	280
1	169	281
1	168	281
1	167	282
1	166	282
1	165	283
1	164	283
1	163	284
1	162	284
1	161	285
1	160	285
1	159	286
1	158	286
1	157	287
1	157	286
1	157	285
1	156	284
1	156	283
1	156	282
1	156	281
1	155	280
1	155	279
1	154	278
1	154	277
1	153	276
1	153	275
1	152	274
1	151	273
1	151	272
1	150	271
1	149	271
1	148	270
1	147	270
1	146	270
1	145	270
1	144	271
1	143	271
1	142	272
1	141	272
1	140	272
1	139	272
1	138	273
1	137	273
1	136	273
1	135	273
1	134	273
1	133	273
1	132	273
1	131	273
1	130	272
1	129	272
1	128	272
1	127	272
1	126	272
1	125	272
1	124	271
1	123	271
1	122	270
1	121	270
1	120	269
1	119	269
1	118	268
1	117	268
1	116	267
1	115	267
1	114	266
1	113	266
1	112	265
1	111	264
1	110	263
1	109	262
1	108	261
1	107	260
1	106	259
1	105	258
1	104	257
1	103	256
1	103	255
1	102	254
1	101	253
1	101	252
1	100	251
1	100	250
1	99	249
1	99	248
1	98	247
1	98	246
1	97	245
1	97	244
1	97	243
1	97	242
1	96	241
1	96	240
1	96	239
1	96	238
1	96	237
1	96	236
1	96	235
1	96	234
1	111	208
1	111	207
1	112	206
1	112	205
1	113	204
1	114	203
1	115	202
1	116	201
1	116	200
1	117	199
1	118	198
1	118	197
1	119	196
1	120	195
1	121	194
1	121	193
1	122	192
1	123	191
1	124	190
1	124	189
1	125	188
1	126	188
1	127	187
1	128	186
1	129	186
1	130	185
1	131	185
1	132	184
1	133	184
1	134	184
1	135	185
1	136	184
1	137	184
1	138	183
1	139	183
1	140	183
1	141	183
1	142	183
1	143	183
1	144	183
1	145	183
1	146	182
1	147	182
1	148	182
1	149	182
1	150	182
1	151	182
1	152	182
1	153	182
1	154	182
1	155	182
1	156	182
1	157	182
1	158	182
1	159	182
1	160	182
1	161	183
1	162	183
1	163	182
1	164	182
1	165	182
1	166	182
1	167	182
1	168	183
1	169	183
1	170	184
1	171	185
1	172	185
1	173	185
1	174	186
1	175	186
1	176	187
1	177	188
1	178	189
1	179	190
1	180	191
1	180	192
1	181	193
1	181	194
1	182	195
1	183	196
1	184	197
1	185	198
1	186	199
1	186	200
1	187	201
1	188	202
1	189	203
1	189	204
1	190	205
1	190	206
1	190	207
1	191	208
1	191	209
1	192	210
1	193	211
1	194	212
1	194	213
1	194	214
1	195	215
1	195	216
1	195	217
1	195	218
1	195	219
1	195	220
1	195	221
1	195	222
1	195	223
1	195	224
1	195	225
1	195	226
1	195	227
1	194	228
1	194	229
1	194	230
1	194	231
1	193	232
1	193	233
1	193	234
1	193	235
1	193	236
1	193	237
1	193	238
1	192	239
1	192	240
1	191	241
1	191	242
1	190	243
1	189	244
1	188	245
1	187	246
1	186	246
1	185	247
1	184	248
1	183	248
1	182	249
1	181	249
1	180	250
1	179	250
1	178	251
1	177	251
1	176	252
1	175	252
1	174	253
1	173	253
1	172	253
1	171	253
1	170	254
1	169	254
1	168	254
1	167	254
1	166	254
1	165	254
1	164	254
1	163	253
1	162	253
1	161	253
1	160	252
1	159	252
1	158	251
1	157	251
1	156	250
1	155	250
1	155	249
1	154	248
1	153	248
1	152	248
1	151	248
1	150	247
1	149	247
1	148	247
1	147	247
1	146	247
1	145	247
1	144	246
1	143	246
1	142	246
1	141	247
1	140	246
1	139	245
1	138	245
1	137	245
1	136	245
1	135	245
1	134	245
1	133	245
1	132	245
1	131	245
1	130	245
1	129	245
1	128	244
1	127	244
1	126	244
1	125	244
1	124	243
1	123	243
1	122	242
1	121	242
1	120	241
1	119	240
1	118	239
1	118	238
1	117	237
1	117	236
1	116	235
1	116	234
1	115	233
1	115	232
1	115	231
1	114	230
1	114	229
1	114	228
1	113	227
1	113	226
1	113	225
1	112	224
1	112	223
1	111	222
1	111	221
1	111	220
1	111	219
1	111	218
1	110	217
1	110	216
1	110	215
1	110	214
1	110	213
1	110	212
1	110	211
1	110	210
1	110	209
1	79	233
1	79	232
1	79	231
1	79	230
1	79	229
1	79	228
1	79	227
1	79	226
1	79	225
1	80	224
1	80	223
1	80	222
1	81	221
1	82	220
1	83	219
1	84	218
1	85	218
1	86	217
1	87	216
1	88	215
1	88	214
1	89	213
1	90	213
1	91	212
1	92	211
1	93	210
1	94	209
1	95	208
1	96	207
1	97	206
1	97	205
1	98	204
1	99	203
1	100	202
1	101	201
1	102	200
1	103	199
1	104	199
1	105	198
1	106	198
1	107	197
1	108	197
1	109	197
1	110	197
1	111	196
1	112	195
1	113	194
1	114	193
1	115	193
1	116	192
1	117	192
1	118	192
1	119	191
1	120	191
1	121	191
1	122	191
1	123	190
1	124	190
1	125	190
1	126	190
1	127	190
1	128	190
1	129	189
1	130	189
1	131	189
1	132	189
1	133	189
1	134	189
1	135	188
1	136	188
1	137	187
1	138	187
1	139	186
1	140	186
1	141	186
1	142	185
1	143	185
1	144	185
1	145	185
1	146	185
1	147	185
1	148	185
1	149	185
1	150	185
1	151	185
1	152	186
1	153	186
1	154	186
1	155	186
1	156	186
1	157	186
1	158	186
1	159	186
1	160	187
1	161	187
1	162	187
1	163	188
1	164	188
1	165	189
1	166	190
1	167	190
1	168	191
1	169	192
1	170	192
1	171	193
1	172	194
1	173	194
1	174	195
1	175	196
1	176	197
1	177	198
1	178	199
1	179	200
1	180	201
1	181	202
1	182	203
1	183	203
1	184	204
1	185	205
1	186	205
1	187	206
1	187	207
1	188	208
1	189	209
1	189	210
1	189	211
1	190	212
1	190	213
1	191	214
1	192	214
1	193	215
1	194	216
1	194	217
1	195	218
1	195	219
1	195	220
1	196	221
1	196	222
1	196	223
1	196	224
1	196	225
1	196	226
1	196	227
1	196	228
1	197	229
1	197	230
1	197	231
1	197	232
1	197	233
1	197	234
1	198	235
1	198	236
1	198	237
1	198	238
1	198	239
1	198	240
1	198	241
1	198	242
1	198	243
1	198	244
1	198	245
1	198	246
1	198	247
1	198	248
1	198	249
1	197	250
1	197	251
1	196	252
1	196	253
1	197	254
1	197	255
1	197	256
1	197	257
1	197	258
1	197	259
1	197	260
1	196	261
1	196	262
1	195	263
1	195	264
1	194	265
1	194	266
1	193	267
1	192	268
1	191	269
1	190	270
1	189	271
1	189	272
1	188	273
1	187	273
1	186	274
1	185	275
1	184	276
1	184	277
1	183	278
1	182	279
1	181	279
1	180	280
1	179	281
1	178	281
1	177	282
1	176	283
1	175	283
1	174	284
1	173	284
1	172	285
1	171	285
1	170	285
1	169	286
1	168	286
1	167	286
1	166	286
1	165	287
1	164	287
1	163	287
1	162	287
1	161	287
1	160	287
1	159	287
1	158	287
1	157	286
1	156	286
1	155	286
1	154	285
1	153	285
1	152	284
1	151	284
1	150	283
1	149	283
1	148	282
1	147	282
1	146	282
1	145	282
1	144	282
1	143	283
1	142	283
1	141	284
1	140	285
1	139	286
1	139	287
1	138	288
1	138	289
1	137	288
1	136	288
1	135	288
1	134	288
1	133	288
1	132	288
1	131	288
1	130	288
1	129	288
1	128	288
1	127	288
1	126	288
1	125	288
1	124	288
1	123	288
1	122	289
1	122	288
1	122	287
1	121	286
1	121	285
1	120	284
1	119	283
1	119	282
1	118	281
1	117	281
1	116	280
1	115	280
1	114	280
1	113	280
1	112	280
1	111	280
1	110	280
1	109	280
1	108	280
1	107	279
1	106	279
1	105	279
1	104	279
1	103	278
1	102	278
1	101	278
1	100	278
1	99	277
1	98	277
1	97	276
1	96	276
1	95	275
1	94	274
1	93	274
1	92	273
1	91	272
1	90	271
1	89	270
1	88	269
1	87	269
1	86	268
1	85	267
1	84	266
1	83	265
1	83	264
1	82	263
1	81	262
1	81	261
1	80	260
1	80	259
1	80	258
1	80	257
1	79	256
1	79	255
1	79	254
1	79	253
1	79	252
1	80	251
1	80	250
1	80	249
1	79	248
1	79	247
1	79	246
1	79	245
1	79	244
1	78	243
1	78	242
1	78	241
1	78	240
1	78	239
1	78	238
1	78	237
1	78	236
1	78	235
1	78	234
1	92	249
1	92	248
1	92	247
1	92	246
1	92	245
1	92	244
1	92	243
1	92	242
1	92	241
1	93	240
1	93	239
1	94	238
1	94	237
1	95	236
1	95	235
1	96	234
1	97	233
1	97	232
1	98	231
1	99	230
1	99	229
1	100	228
1	101	227
1	102	226
1	103	225
1	104	224
1	105	223
1	105	222
1	106	221
1	107	220
1	108	219
1	108	218
1	109	217
1	110	216
1	110	215
1	111	214
1	112	213
1	113	212
1	114	212
1	115	211
1	116	211
1	117	211
1	118	210
1	118	209
1	119	208
1	120	207
1	121	207
1	122	206
1	123	206
1	124	205
1	125	205
1	126	205
1	127	205
1	128	204
1	129	204
1	130	204
1	131	204
1	132	203
1	133	204
1	134	204
1	135	204
1	136	203
1	137	203
1	138	203
1	139	203
1	140	202
1	141	202
1	142	202
1	143	202
1	144	202
1	145	202
1	146	202
1	147	203
1	148	203
1	149	202
1	150	202
1	151	202
1	152	202
1	153	202
1	154	202
1	155	202
1	156	202
1	157	202
1	158	202
1	159	202
1	160	202
1	161	202
1	162	202
1	163	202
1	164	202
1	165	202
1	166	202
1	167	202
1	168	202
1	169	202
1	170	203
1	171	203
1	172	203
1	173	204
1	174	204
1	175	205
1	176	206
1	177	207
1	178	207
1	179	207
1	180	207
1	181	208
1	182	208
1	183	208
1	184	209
1	185	210
1	186	210
1	187	211
1	188	212
1	189	213
1	190	214
1	191	215
1	192	216
1	193	217
1	194	218
1	194	219
1	195	220
1	196	221
1	197	222
1	198	223
1	199	224
1	200	225
1	200	226
1	201	227
1	202	228
1	202	229
1	203	230
1	203	231
1	204	232
1	205	233
1	206	234
1	207	235
1	208	236
1	209	237
1	209	238
1	209	239
1	210	240
1	211	241
1	212	242
1	212	243
1	213	244
1	213	245
1	214	246
1	214	247
1	215	248
1	215	249
1	215	250
1	215	251
1	216	252
1	216	253
1	216	254
1	216	255
1	216	256
1	216	257
1	215	258
1	215	259
1	215	260
1	215	261
1	215	262
1	214	263
1	214	264
1	214	265
1	213	266
1	213	267
1	213	268
1	212	269
1	212	270
1	212	271
1	211	272
1	211	273
1	211	274
1	211	275
1	210	276
1	209	277
1	209	278
1	209	279
1	209	280
1	209	281
1	209	282
1	208	283
1	207	284
1	207	285
1	206	286
1	205	287
1	205	288
1	204	289
1	203	290
1	202	291
1	201	292
1	200	293
1	199	293
1	198	294
1	197	295
1	196	296
1	195	296
1	194	297
1	193	297
1	192	298
1	191	298
1	190	298
1	189	299
1	188	299
1	187	299
1	186	300
1	185	300
1	184	300
1	183	300
1	182	300
1	181	301
1	180	301
1	179	301
1	178	301
1	177	301
1	176	301
1	175	301
1	174	301
1	173	301
1	172	301
1	171	301
1	170	301
1	169	301
1	168	301
1	167	301
1	166	302
1	165	302
1	164	303
1	163	304
1	162	305
1	161	306
1	161	307
1	160	308
1	160	309
1	160	310
1	159	311
1	159	312
1	158	311
1	157	311
1	156	311
1	155	310
1	154	310
1	153	310
1	152	310
1	151	309
1	150	309
1	149	309
1	148	309
1	147	308
1	146	308
1	146	307
1	146	306
1	145	305
1	145	304
1	144	303
1	144	302
1	143	301
1	142	301
1	141	302
1	140	303
1	139	304
1	138	305
1	137	305
1	136	306
1	135	306
1	134	307
1	133	308
1	132	308
1	131	308
1	130	308
1	129	309
1	128	309
1	127	309
1	126	309
1	125	309
1	124	309
1	123	309
1	122	309
1	121	309
1	120	309
1	119	309
1	118	309
1	117	309
1	116	308
1	115	308
1	114	308
1	113	307
1	112	307
1	111	307
1	110	306
1	109	305
1	108	304
1	107	303
1	107	302
1	106	301
1	105	300
1	104	299
1	103	298
1	103	297
1	102	296
1	102	295
1	101	294
1	101	293
1	100	292
1	99	291
1	98	290
1	98	289
1	98	288
1	98	287
1	98	286
1	98	285
1	98	284
1	98	283
1	98	282
1	98	281
1	98	280
1	98	279
1	97	278
1	97	277
1	97	276
1	97	275
1	97	274
1	97	273
1	97	272
1	96	271
1	96	270
1	96	269
1	96	268
1	96	267
1	96	266
1	95	265
1	94	264
1	94	263
1	93	262
1	93	261
1	92	260
1	92	259
1	91	258
1	91	257
1	91	256
1	91	255
1	91	254
1	91	253
1	91	252
1	91	251
1	91	250
1	92	240
1	92	239
1	92	238
1	93	237
1	93	236
1	94	235
1	94	234
1	94	233
1	95	232
1	95	231
1	96	230
1	96	229
1	97	228
1	97	227
1	97	226
1	98	225
1	98	224
1	98	223
1	99	222
1	99	221
1	100	220
1	100	219
1	101	218
1	101	217
1	102	216
1	103	215
1	104	214
1	105	213
1	106	212
1	107	211
1	108	211
1	109	211
1	110	210
1	111	209
1	112	208
1	113	207
1	114	206
1	115	205
1	116	205
1	117	204
1	118	204
1	119	203
1	120	203
1	121	202
1	122	202
1	123	201
1	124	201
1	125	200
1	126	200
1	127	199
1	128	199
1	129	199
1	130	198
1	131	198
1	132	197
1	133	197
1	134	196
1	135	196
1	136	196
1	137	196
1	138	196
1	139	195
1	140	195
1	141	195
1	142	195
1	143	195
1	144	195
1	145	195
1	146	194
1	147	194
1	148	194
1	149	194
1	150	194
1	151	194
1	152	194
1	153	194
1	154	194
1	155	194
1	156	195
1	157	195
1	158	195
1	159	195
1	160	195
1	161	195
1	162	195
1	163	195
1	164	195
1	165	196
1	166	196
1	167	197
1	168	197
1	169	198
1	170	198
1	171	199
1	172	199
1	173	199
1	174	199
1	175	199
1	176	199
1	177	199
1	178	199
1	179	199
1	180	199
1	181	199
1	182	200
1	183	200
1	184	200
1	185	200
1	186	200
1	187	201
1	188	201
1	189	202
1	190	202
1	191	202
1	192	203
1	193	203
1	194	204
1	195	204
1	196	205
1	197	206
1	198	207
1	199	208
1	200	209
1	201	210
1	202	210
1	203	210
1	204	211
1	205	211
1	206	212
1	207	213
1	208	214
1	209	215
1	210	216
1	210	217
1	211	218
1	212	219
1	212	220
1	213	221
1	213	222
1	213	223
1	214	224
1	214	225
1	215	226
1	215	227
1	215	228
1	216	229
1	216	230
1	217	231
1	217	232
1	217	233
1	218	234
1	218	235
1	218	236
1	218	237
1	217	238
1	218	239
1	219	240
1	220	241
1	220	242
1	220	243
1	221	244
1	221	245
1	221	246
1	221	247
1	221	248
1	221	249
1	221	250
1	220	251
1	220	252
1	220	253
1	220	254
1	219	255
1	219	256
1	219	257
1	219	258
1	218	259
1	218	260
1	218	261
1	217	262
1	217	263
1	217	264
1	217	265
1	216	266
1	216	267
1	216	268
1	215	269
1	215	270
1	215	271
1	214	272
1	213	273
1	213	274
1	212	275
1	211	276
1	211	277
1	210	278
1	209	279
1	208	280
1	207	281
1	206	281
1	205	282
1	204	282
1	203	283
1	202	283
1	201	284
1	200	284
1	199	285
1	198	285
1	197	286
1	196	286
1	195	287
1	194	287
1	193	288
1	192	288
1	191	289
1	190	289
1	189	289
1	188	290
1	187	290
1	186	290
1	185	290
1	184	290
1	183	290
1	182	290
1	181	290
1	180	290
1	179	290
1	178	289
1	177	289
1	176	289
1	175	289
1	174	288
1	173	288
1	172	288
1	171	288
1	170	288
1	169	289
1	168	290
1	167	291
1	167	292
1	166	293
1	166	294
1	165	295
1	165	296
1	165	297
1	164	296
1	163	296
1	162	296
1	161	297
1	160	297
1	159	297
1	158	297
1	157	297
1	156	297
1	155	298
1	154	298
1	153	298
1	152	298
1	151	299
1	151	298
1	151	297
1	151	296
1	150	295
1	150	294
1	149	293
1	149	292
1	148	291
1	148	290
1	147	289
1	146	288
1	145	288
1	144	288
1	143	288
1	142	289
1	141	289
1	140	290
1	139	290
1	138	291
1	137	291
1	136	291
1	135	292
1	134	292
1	133	292
1	132	292
1	131	292
1	130	292
1	129	292
1	128	292
1	127	292
1	126	292
1	125	292
1	124	292
1	123	292
1	122	292
1	121	292
1	120	291
1	119	291
1	118	291
1	117	290
1	116	290
1	115	290
1	114	289
1	113	288
1	112	288
1	111	287
1	110	286
1	109	285
1	108	284
1	107	283
1	106	283
1	105	282
1	104	281
1	104	280
1	103	279
1	103	278
1	102	277
1	102	276
1	102	275
1	101	274
1	100	273
1	99	272
1	99	271
1	98	270
1	97	269
1	97	268
1	96	267
1	96	266
1	95	265
1	95	264
1	94	263
1	94	262
1	94	261
1	93	260
1	93	259
1	92	258
1	92	257
1	92	256
1	92	255
1	92	254
1	92	253
1	92	252
1	92	251
1	93	250
1	93	249
1	93	248
1	92	247
1	92	246
1	91	245
1	91	244
1	91	243
1	91	242
1	91	241
1	93	223
1	93	222
1	93	221
1	94	220
1	94	219
1	93	218
1	93	217
1	94	216
1	94	215
1	94	214
1	94	213
1	93	212
1	93	211
1	93	210
1	94	209
1	94	208
1	94	207
1	95	206
1	95	205
1	96	204
1	96	203
1	96	202
1	96	201
1	97	200
1	97	199
1	97	198
1	98	197
1	99	196
1	99	195
1	100	194
1	101	193
1	101	192
1	102	191
1	103	190
1	103	189
1	104	188
1	104	187
1	105	186
1	106	185
1	107	184
1	108	183
1	108	182
1	109	181
1	110	180
1	111	179
1	112	179
1	113	178
1	114	177
1	115	176
1	116	176
1	117	175
1	117	174
1	118	173
1	119	172
1	120	171
1	121	170
1	122	169
1	123	168
1	124	167
1	125	166
1	126	166
1	127	165
1	128	165
1	129	165
1	130	165
1	131	165
1	132	164
1	133	163
1	134	162
1	135	162
1	136	161
1	137	161
1	138	161
1	139	161
1	140	161
1	141	160
1	142	160
1	143	160
1	144	160
1	145	160
1	146	161
1	147	161
1	148	161
1	149	161
1	150	161
1	151	161
1	152	161
1	153	160
1	154	160
1	155	160
1	156	159
1	157	159
1	158	159
1	159	159
1	160	160
1	161	160
1	162	159
1	163	159
1	164	159
1	165	159
1	166	159
1	167	159
1	168	159
1	169	159
1	170	159
1	171	159
1	172	158
1	173	158
1	174	158
1	175	158
1	176	158
1	177	158
1	178	158
1	179	159
1	180	159
1	181	159
1	182	160
1	183	161
1	184	161
1	185	162
1	186	161
1	187	161
1	188	161
1	189	162
1	190	162
1	191	162
1	192	163
1	193	164
1	194	165
1	195	165
1	196	166
1	197	167
1	198	168
1	199	169
1	200	170
1	201	171
1	202	172
1	203	173
1	204	174
1	205	175
1	206	176
1	207	177
1	207	178
1	208	179
1	209	180
1	209	181
1	210	182
1	211	183
1	211	184
1	212	185
1	213	186
1	213	187
1	214	188
1	215	189
1	215	190
1	216	191
1	216	192
1	216	193
1	216	194
1	216	195
1	217	196
1	218	197
1	218	198
1	219	199
1	219	200
1	220	201
1	220	202
1	220	203
1	221	204
1	221	205
1	221	206
1	221	207
1	221	208
1	221	209
1	221	210
1	220	211
1	220	212
1	220	213
1	220	214
1	220	215
1	219	216
1	219	217
1	219	218
1	219	219
1	219	220
1	219	221
1	218	222
1	218	223
1	218	224
1	218	225
1	217	226
1	217	227
1	217	228
1	217	229
1	216	230
1	216	231
1	216	232
1	215	233
1	215	234
1	214	235
1	214	236
1	214	237
1	214	238
1	213	239
1	213	240
1	212	241
1	211	242
1	210	243
1	209	244
1	208	245
1	207	246
1	206	247
1	205	247
1	204	248
1	203	249
1	202	249
1	201	250
1	200	250
1	199	251
1	198	251
1	197	252
1	196	252
1	195	252
1	194	253
1	193	253
1	192	254
1	191	254
1	190	254
1	189	254
1	188	255
1	187	255
1	186	255
1	185	255
1	184	255
1	183	256
1	182	256
1	181	256
1	180	256
1	179	256
1	178	255
1	177	255
1	176	255
1	175	255
1	174	255
1	173	255
1	172	255
1	171	255
1	170	255
1	169	256
1	168	256
1	167	257
1	166	258
1	165	259
1	165	260
1	164	261
1	164	262
1	163	263
1	162	264
1	162	265
1	162	266
1	161	267
1	161	268
1	161	269
1	161	270
1	160	269
1	159	269
1	158	269
1	157	269
1	156	269
1	155	269
1	154	269
1	153	269
1	152	268
1	151	268
1	150	268
1	149	268
1	148	268
1	147	268
1	146	268
1	145	269
1	145	268
1	145	267
1	145	266
1	145	265
1	144	264
1	144	263
1	144	262
1	143	261
1	143	260
1	143	259
1	142	258
1	141	257
1	140	256
1	139	257
1	138	258
1	137	259
1	137	260
1	136	260
1	135	261
1	134	261
1	133	262
1	132	262
1	131	262
1	130	263
1	129	263
1	128	263
1	127	263
1	126	263
1	125	263
1	124	263
1	123	262
1	122	262
1	121	262
1	120	262
1	119	262
1	118	261
1	117	261
1	116	260
1	115	260
1	114	259
1	113	258
1	112	258
1	111	257
1	110	256
1	109	256
1	108	256
1	107	256
1	106	255
1	105	255
1	104	254
1	103	253
1	102	252
1	101	251
1	100	250
1	99	249
1	98	248
1	98	247
1	97	246
1	97	245
1	96	244
1	96	243
1	95	242
1	95	241
1	95	240
1	94	239
1	94	238
1	94	237
1	93	236
1	93	235
1	93	234
1	93	233
1	93	232
1	93	231
1	92	230
1	92	229
1	92	228
1	92	227
1	92	226
1	92	225
1	92	224
1	94	246
1	94	245
1	95	244
1	95	243
1	95	242
1	94	241
1	94	240
1	94	239
1	94	238
1	94	237
1	95	236
1	95	235
1	95	234
1	95	233
1	95	232
1	96	231
1	96	230
1	96	229
1	96	228
1	96	227
1	96	226
1	96	225
1	96	224
1	97	223
1	97	222
1	97	221
1	98	220
1	98	219
1	99	218
1	99	217
1	99	216
1	100	215
1	100	214
1	101	213
1	101	212
1	102	211
1	103	210
1	104	209
1	105	208
1	106	207
1	107	207
1	108	207
1	109	206
1	110	205
1	110	204
1	110	203
1	111	202
1	112	201
1	113	200
1	114	199
1	115	199
1	116	198
1	117	198
1	118	198
1	119	197
1	120	197
1	121	196
1	122	195
1	123	195
1	124	194
1	125	193
1	126	193
1	127	192
1	128	192
1	129	192
1	130	191
1	131	191
1	132	191
1	133	191
1	134	190
1	135	190
1	136	189
1	137	189
1	138	189
1	139	189
1	140	189
1	141	188
1	142	188
1	143	187
1	144	187
1	145	187
1	146	186
1	147	186
1	148	186
1	149	185
1	150	185
1	151	185
1	152	185
1	153	185
1	154	185
1	155	185
1	156	185
1	157	185
1	158	185
1	159	186
1	160	186
1	161	187
1	162	187
1	163	187
1	164	187
1	165	187
1	166	187
1	167	187
1	168	187
1	169	188
1	170	188
1	171	189
1	172	190
1	173	190
1	174	191
1	175	191
1	176	192
1	177	192
1	178	193
1	179	194
1	180	195
1	181	196
1	182	196
1	183	197
1	184	197
1	185	198
1	186	198
1	187	199
1	188	200
1	189	201
1	190	201
1	191	202
1	192	202
1	193	203
1	194	204
1	195	205
1	196	206
1	197	207
1	198	208
1	198	209
1	199	210
1	199	211
1	199	212
1	200	213
1	201	214
1	202	214
1	203	215
1	203	216
1	204	217
1	205	218
1	205	219
1	205	220
1	206	221
1	206	222
1	206	223
1	206	224
1	206	225
1	207	226
1	207	227
1	207	228
1	207	229
1	207	230
1	207	231
1	207	232
1	207	233
1	207	234
1	207	235
1	208	236
1	208	237
1	207	238
1	207	239
1	207	240
1	208	241
1	208	242
1	208	243
1	208	244
1	208	245
1	208	246
1	207	247
1	207	248
1	207	249
1	207	250
1	207	251
1	207	252
1	207	253
1	207	254
1	207	255
1	206	256
1	206	257
1	205	258
1	204	259
1	205	260
1	205	261
1	205	262
1	205	263
1	204	264
1	204	265
1	203	266
1	203	267
1	202	268
1	201	269
1	200	270
1	199	270
1	198	271
1	197	272
1	196	273
1	195	274
1	195	275
1	194	276
1	193	277
1	192	278
1	191	279
1	190	279
1	189	280
1	188	281
1	187	281
1	186	282
1	185	282
1	184	282
1	183	283
1	182	283
1	181	283
1	180	283
1	179	284
1	178	284
1	177	284
1	176	284
1	175	284
1	174	284
1	173	284
1	172	283
1	171	283
1	170	283
1	169	283
1	168	282
1	167	282
1	166	281
1	165	281
1	164	280
1	163	280
1	162	279
1	161	278
1	160	278
1	159	279
1	158	280
1	157	281
1	157	282
1	156	283
1	156	284
1	155	285
1	155	286
1	155	287
1	154	286
1	153	286
1	152	286
1	151	286
1	150	286
1	149	286
1	148	286
1	147	285
1	146	285
1	145	285
1	144	285
1	143	285
1	142	285
1	141	286
1	141	285
1	141	284
1	141	283
1	141	282
1	140	281
1	140	280
1	140	279
1	140	278
1	139	277
1	139	276
1	139	275
1	138	274
1	137	274
1	136	274
1	135	274
1	134	274
1	133	275
1	132	276
1	131	277
1	130	277
1	129	277
1	128	277
1	127	277
1	126	277
1	125	277
1	124	277
1	123	277
1	122	277
1	121	277
1	120	277
1	119	276
1	118	276
1	117	275
1	116	275
1	115	274
1	114	273
1	113	273
1	112	273
1	111	272
1	110	271
1	109	271
1	108	270
1	107	270
1	106	269
1	105	268
1	104	268
1	103	267
1	102	267
1	101	266
1	100	265
1	99	264
1	99	263
1	98	262
1	97	261
1	97	260
1	96	259
1	96	258
1	96	257
1	95	256
1	95	255
1	95	254
1	94	253
1	94	252
1	94	251
1	94	250
1	93	249
1	93	248
1	93	247
1	77	197
1	77	196
1	78	195
1	78	194
1	78	193
1	79	192
1	79	191
1	79	190
1	80	189
1	81	188
1	81	187
1	82	186
1	83	185
1	83	184
1	83	183
1	84	182
1	84	181
1	85	180
1	85	179
1	86	178
1	86	177
1	87	176
1	87	175
1	88	174
1	88	173
1	88	172
1	89	171
1	89	170
1	89	169
1	89	168
1	90	167
1	91	166
1	92	165
1	93	164
1	94	164
1	95	163
1	96	163
1	97	162
1	98	161
1	98	160
1	99	159
1	100	158
1	101	157
1	102	156
1	103	155
1	104	155
1	105	154
1	106	153
1	106	152
1	107	151
1	108	150
1	109	150
1	110	150
1	111	149
1	112	149
1	113	148
1	114	147
1	115	147
1	116	146
1	117	146
1	118	145
1	119	145
1	120	145
1	121	145
1	122	144
1	123	143
1	124	143
1	125	142
1	126	141
1	127	141
1	128	140
1	129	140
1	130	139
1	131	139
1	132	139
1	133	138
1	134	138
1	135	138
1	136	138
1	137	139
1	138	139
1	139	140
1	140	140
1	141	140
1	142	140
1	143	139
1	144	139
1	145	140
1	146	140
1	147	140
1	148	140
1	149	140
1	150	141
1	151	141
1	152	142
1	153	142
1	154	143
1	155	143
1	156	143
1	157	144
1	158	144
1	159	144
1	160	145
1	161	145
1	162	145
1	163	146
1	164	147
1	165	147
1	166	148
1	167	148
1	168	148
1	169	148
1	170	149
1	171	149
1	172	150
1	173	151
1	174	151
1	175	152
1	176	153
1	177	154
1	178	154
1	179	155
1	180	155
1	181	156
1	181	157
1	182	158
1	182	159
1	183	160
1	184	161
1	185	161
1	186	161
1	187	162
1	188	163
1	189	164
1	190	165
1	190	166
1	191	167
1	191	168
1	191	169
1	192	170
1	192	171
1	192	172
1	192	173
1	193	174
1	193	175
1	193	176
1	194	177
1	194	178
1	194	179
1	194	180
1	194	181
1	194	182
1	194	183
1	194	184
1	194	185
1	194	186
1	194	187
1	194	188
1	194	189
1	194	190
1	194	191
1	195	192
1	194	193
1	194	194
1	194	195
1	193	196
1	193	197
1	194	198
1	194	199
1	195	200
1	195	201
1	195	202
1	195	203
1	194	204
1	194	205
1	194	206
1	194	207
1	194	208
1	193	209
1	193	210
1	192	211
1	192	212
1	192	213
1	191	214
1	191	215
1	190	216
1	190	217
1	189	218
1	189	219
1	188	220
1	188	221
1	187	222
1	187	223
1	186	224
1	185	225
1	185	226
1	185	227
1	184	228
1	184	229
1	183	230
1	183	231
1	182	232
1	181	233
1	180	234
1	179	235
1	178	235
1	177	236
1	176	237
1	175	238
1	174	238
1	173	239
1	172	239
1	171	240
1	170	240
1	169	240
1	168	241
1	167	241
1	166	241
1	165	241
1	164	241
1	163	241
1	162	241
1	161	242
1	160	242
1	159	242
1	158	242
1	157	242
1	156	242
1	155	242
1	154	242
1	153	242
1	152	241
1	151	241
1	150	241
1	149	241
1	148	240
1	147	240
1	146	240
1	145	239
1	144	239
1	143	239
1	142	238
1	141	238
1	140	238
1	139	239
1	139	240
1	138	240
1	137	240
1	136	240
1	135	240
1	134	241
1	133	241
1	132	241
1	131	241
1	130	241
1	129	241
1	128	241
1	127	242
1	126	242
1	125	242
1	124	242
1	123	243
1	123	242
1	123	241
1	122	240
1	121	240
1	120	240
1	119	240
1	118	241
1	117	241
1	116	241
1	115	241
1	114	242
1	113	242
1	112	242
1	111	242
1	110	242
1	109	242
1	108	242
1	107	242
1	106	241
1	105	241
1	104	241
1	103	240
1	102	240
1	101	240
1	100	239
1	99	238
1	98	238
1	97	237
1	96	236
1	95	236
1	94	235
1	93	234
1	92	233
1	91	232
1	91	231
1	90	230
1	89	229
1	89	228
1	88	227
1	87	226
1	87	225
1	86	224
1	85	223
1	84	222
1	84	221
1	83	220
1	82	219
1	81	218
1	81	217
1	80	216
1	79	215
1	79	214
1	78	213
1	77	212
1	77	211
1	77	210
1	76	209
1	76	208
1	76	207
1	76	206
1	76	205
1	76	204
1	76	203
1	76	202
1	76	201
1	76	200
1	76	199
1	76	198
1	96	245
1	96	244
1	97	243
1	97	242
1	98	241
1	98	240
1	99	239
1	100	238
1	100	237
1	100	236
1	100	235
1	101	234
1	101	233
1	102	232
1	102	231
1	103	230
1	104	229
1	104	228
1	105	227
1	106	226
1	107	225
1	108	224
1	108	223
1	109	222
1	110	221
1	111	220
1	111	219
1	112	218
1	113	217
1	114	216
1	115	215
1	116	214
1	117	213
1	118	213
1	119	212
1	120	212
1	121	212
1	122	211
1	123	211
1	124	212
1	125	212
1	126	211
1	127	211
1	128	210
1	129	210
1	130	210
1	131	210
1	132	210
1	133	210
1	134	210
1	135	210
1	136	210
1	137	210
1	138	209
1	139	209
1	140	209
1	141	209
1	142	209
1	143	209
1	144	208
1	145	208
1	146	208
1	147	208
1	148	207
1	149	207
1	150	207
1	151	206
1	152	206
1	153	206
1	154	206
1	155	206
1	156	206
1	157	206
1	158	206
1	159	206
1	160	206
1	161	206
1	162	207
1	163	208
1	164	209
1	165	209
1	166	208
1	167	208
1	168	208
1	169	208
1	170	209
1	171	209
1	172	210
1	173	210
1	174	211
1	175	211
1	176	212
1	177	212
1	178	213
1	179	214
1	180	214
1	181	215
1	182	215
1	183	216
1	184	216
1	185	217
1	186	217
1	187	217
1	188	218
1	189	218
1	190	219
1	191	219
1	191	220
1	192	221
1	192	222
1	193	223
1	194	224
1	195	225
1	196	226
1	197	226
1	197	227
1	198	228
1	199	229
1	199	230
1	200	231
1	200	232
1	201	233
1	201	234
1	201	235
1	201	236
1	202	237
1	202	238
1	202	239
1	202	240
1	201	241
1	201	242
1	201	243
1	201	244
1	201	245
1	201	246
1	201	247
1	200	248
1	201	249
1	201	250
1	202	251
1	202	252
1	202	253
1	202	254
1	202	255
1	202	256
1	202	257
1	202	258
1	202	259
1	202	260
1	202	261
1	202	262
1	201	263
1	201	264
1	200	265
1	199	266
1	199	267
1	198	268
1	197	269
1	196	270
1	196	271
1	195	272
1	194	273
1	194	274
1	193	275
1	192	276
1	191	277
1	190	278
1	189	279
1	188	280
1	187	281
1	186	282
1	185	282
1	184	283
1	183	284
1	182	285
1	181	285
1	180	286
1	179	287
1	178	287
1	177	288
1	176	288
1	175	289
1	174	289
1	173	289
1	172	290
1	171	290
1	170	290
1	169	290
1	168	290
1	167	290
1	166	291
1	165	291
1	164	291
1	163	291
1	162	291
1	161	291
1	160	291
1	159	291
1	158	292
1	157	292
1	156	293
1	155	294
1	154	295
1	154	296
1	153	295
1	152	295
1	151	295
1	150	295
1	149	295
1	148	295
1	147	295
1	146	296
1	145	296
1	144	296
1	143	296
1	142	296
1	141	296
1	140	296
1	139	296
1	138	297
1	138	296
1	137	295
1	137	294
1	137	293
1	136	292
1	135	291
1	134	290
1	133	289
1	132	289
1	131	289
1	130	289
1	129	288
1	128	288
1	127	288
1	126	288
1	125	288
1	124	288
1	123	288
1	122	288
1	121	288
1	120	288
1	119	287
1	118	287
1	117	287
1	116	287
1	115	287
1	114	286
1	113	286
1	112	285
1	111	285
1	110	284
1	109	283
1	108	282
1	107	281
1	106	281
1	105	280
1	104	279
1	103	278
1	103	277
1	102	276
1	101	275
1	101	274
1	100	273
1	99	272
1	99	271
1	99	270
1	98	269
1	98	268
1	98	267
1	98	266
1	97	265
1	97	264
1	97	263
1	97	262
1	96	261
1	96	260
1	96	259
1	95	258
1	95	257
1	95	256
1	95	255
1	95	254
1	95	253
1	95	252
1	95	251
1	95	250
1	95	249
1	95	248
1	95	247
1	95	246
1	84	235
1	84	234
1	85	233
1	85	232
1	85	231
1	85	230
1	85	229
1	86	228
1	86	227
1	86	226
1	87	225
1	87	224
1	87	223
1	87	222
1	87	221
1	87	220
1	88	219
1	88	218
1	89	217
1	89	216
1	89	215
1	89	214
1	89	213
1	90	212
1	90	211
1	90	210
1	91	209
1	91	208
1	91	207
1	92	206
1	92	205
1	93	204
1	93	203
1	94	202
1	94	201
1	95	200
1	96	199
1	97	198
1	98	198
1	99	197
1	100	197
1	101	197
1	102	196
1	103	195
1	104	194
1	104	193
1	105	193
1	106	192
1	107	191
1	108	191
1	109	191
1	110	190
1	111	190
1	112	190
1	113	189
1	114	189
1	115	189
1	116	188
1	117	188
1	118	188
1	119	187
1	120	187
1	121	187
1	122	186
1	123	186
1	124	186
1	125	185
1	126	185
1	127	185
1	128	184
1	129	184
1	130	184
1	131	183
1	132	183
1	133	183
1	134	183
1	135	184
1	136	184
1	137	184
1	138	184
1	139	184
1	140	183
1	141	183
1	142	183
1	143	183
1	144	183
1	145	183
1	146	183
1	147	183
1	148	183
1	149	183
1	150	184
1	151	184
1	152	184
1	153	185
1	154	185
1	155	185
1	156	186
1	157	186
1	158	186
1	159	187
1	160	187
1	161	188
1	162	188
1	163	189
1	164	190
1	165	191
1	166	191
1	167	191
1	168	192
1	169	193
1	170	194
1	171	195
1	172	195
1	173	196
1	174	197
1	175	197
1	176	198
1	177	199
1	177	200
1	178	201
1	178	202
1	179	203
1	180	203
1	181	203
1	182	204
1	183	204
1	184	205
1	185	206
1	186	207
1	187	208
1	188	209
1	188	210
1	189	211
1	189	212
1	190	213
1	190	214
1	191	215
1	191	216
1	192	217
1	192	218
1	192	219
1	193	220
1	193	221
1	194	222
1	195	223
1	196	224
1	196	225
1	196	226
1	196	227
1	196	228
1	197	229
1	198	230
1	199	231
1	200	232
1	200	233
1	200	234
1	201	235
1	201	236
1	201	237
1	201	238
1	201	239
1	201	240
1	201	241
1	201	242
1	200	243
1	200	244
1	200	245
1	200	246
1	200	247
1	199	248
1	199	249
1	199	250
1	198	251
1	198	252
1	197	253
1	196	254
1	196	255
1	195	256
1	195	257
1	194	258
1	193	259
1	193	260
1	192	261
1	191	262
1	191	263
1	190	264
1	189	265
1	189	266
1	188	267
1	187	268
1	186	269
1	185	269
1	184	270
1	183	270
1	182	271
1	181	271
1	180	272
1	179	272
1	178	273
1	177	273
1	176	273
1	175	274
1	174	274
1	173	274
1	172	274
1	171	274
1	170	274
1	169	274
1	168	274
1	167	274
1	166	274
1	165	274
1	164	274
1	163	274
1	162	274
1	161	273
1	160	273
1	159	273
1	158	272
1	157	272
1	156	271
1	155	272
1	154	272
1	153	272
1	152	273
1	151	273
1	150	274
1	150	275
1	149	276
1	149	277
1	148	276
1	147	276
1	146	276
1	145	276
1	144	276
1	143	276
1	142	276
1	141	277
1	140	277
1	139	277
1	138	277
1	137	277
1	136	277
1	135	277
1	134	277
1	133	278
1	133	277
1	132	276
1	131	275
1	130	274
1	129	273
1	128	273
1	127	273
1	126	273
1	125	273
1	124	273
1	123	273
1	122	273
1	121	274
1	120	273
1	119	273
1	118	273
1	117	273
1	116	273
1	115	273
1	114	273
1	113	273
1	112	273
1	111	272
1	110	272
1	109	272
1	108	272
1	107	271
1	106	271
1	105	271
1	104	270
1	103	270
1	102	269
1	101	269
1	100	268
1	99	268
1	98	267
1	97	266
1	96	265
1	95	264
1	95	263
1	94	262
1	93	261
1	93	260
1	92	259
1	91	258
1	90	257
1	90	256
1	89	255
1	89	254
1	88	253
1	88	252
1	87	251
1	87	250
1	87	249
1	86	248
1	86	247
1	86	246
1	85	245
1	85	244
1	84	243
1	84	242
1	84	241
1	84	240
1	84	239
1	83	238
1	83	237
1	83	236
1	117	218
1	117	217
1	117	216
1	118	215
1	118	214
1	119	213
1	119	212
1	120	211
1	121	210
1	121	209
1	122	208
1	122	207
1	123	206
1	123	205
1	124	204
1	125	203
1	126	202
1	127	201
1	128	200
1	129	200
1	130	199
1	131	199
1	132	198
1	133	197
1	134	196
1	135	195
1	136	194
1	137	194
1	138	193
1	139	193
1	140	193
1	141	193
1	142	192
1	143	191
1	144	191
1	145	190
1	146	190
1	147	189
1	148	189
1	149	189
1	150	189
1	151	188
1	152	188
1	153	188
1	154	188
1	155	188
1	156	188
1	157	188
1	158	188
1	159	188
1	160	188
1	161	188
1	162	188
1	163	188
1	164	188
1	165	188
1	166	188
1	167	189
1	168	189
1	169	189
1	170	190
1	171	190
1	172	191
1	173	192
1	174	193
1	175	194
1	176	194
1	177	195
1	177	196
1	178	197
1	179	197
1	180	198
1	181	198
1	182	199
1	183	199
1	184	199
1	185	200
1	186	201
1	187	201
1	188	202
1	189	203
1	190	203
1	191	204
1	192	205
1	193	206
1	193	207
1	193	208
1	194	209
1	195	210
1	196	210
1	197	211
1	198	212
1	199	213
1	200	214
1	201	215
1	202	215
1	203	216
1	204	216
1	205	217
1	206	218
1	207	219
1	207	220
1	208	221
1	209	222
1	210	223
1	211	224
1	211	225
1	212	226
1	212	227
1	212	228
1	212	229
1	212	230
1	212	231
1	212	232
1	212	233
1	212	234
1	212	235
1	212	236
1	212	237
1	212	238
1	211	239
1	211	240
1	211	241
1	211	242
1	210	243
1	210	244
1	210	245
1	209	246
1	209	247
1	209	248
1	209	249
1	208	250
1	207	251
1	207	252
1	206	253
1	206	254
1	205	255
1	204	256
1	203	257
1	203	258
1	202	259
1	201	260
1	200	260
1	199	261
1	198	262
1	197	262
1	196	263
1	195	263
1	194	263
1	193	263
1	192	263
1	191	264
1	190	264
1	189	264
1	188	264
1	187	264
1	186	264
1	185	263
1	184	263
1	183	263
1	182	263
1	181	263
1	180	262
1	179	262
1	178	261
1	177	261
1	176	261
1	175	261
1	174	261
1	173	261
1	172	261
1	171	261
1	170	261
1	169	260
1	168	260
1	167	261
1	166	261
1	165	262
1	164	262
1	163	263
1	162	263
1	161	264
1	160	264
1	159	265
1	158	265
1	157	266
1	157	265
1	157	264
1	156	263
1	155	262
1	154	261
1	153	261
1	152	260
1	151	260
1	150	259
1	149	258
1	148	258
1	147	257
1	146	257
1	145	257
1	144	256
1	143	256
1	142	256
1	141	256
1	140	256
1	139	256
1	138	256
1	137	256
1	136	255
1	135	255
1	134	255
1	133	254
1	132	254
1	131	253
1	130	253
1	129	252
1	128	252
1	127	251
1	126	250
1	125	250
1	125	249
1	124	248
1	123	248
1	122	247
1	122	246
1	121	245
1	120	244
1	120	243
1	119	242
1	119	241
1	118	240
1	118	239
1	117	238
1	117	237
1	117	236
1	117	235
1	116	234
1	116	233
1	116	232
1	116	231
1	116	230
1	116	229
1	116	228
1	116	227
1	116	226
1	116	225
1	116	224
1	116	223
1	116	222
1	116	221
1	116	220
1	116	219
1	109	194
1	109	193
1	109	192
1	110	191
1	110	190
1	111	189
1	112	188
1	113	188
1	114	187
1	114	186
1	114	185
1	115	184
1	116	183
1	117	182
1	118	181
1	119	180
1	120	179
1	121	178
1	122	177
1	122	176
1	123	175
1	124	174
1	125	173
1	126	172
1	126	171
1	127	170
1	128	169
1	129	168
1	130	167
1	131	166
1	132	165
1	133	164
1	134	163
1	135	163
1	136	162
1	137	162
1	138	161
1	139	160
1	139	159
1	140	158
1	141	158
1	142	157
1	143	156
1	144	156
1	145	155
1	146	155
1	147	154
1	148	153
1	149	153
1	150	152
1	151	151
1	152	151
1	153	150
1	154	150
1	155	149
1	156	148
1	157	147
1	158	147
1	159	146
1	160	146
1	161	146
1	162	145
1	163	145
1	164	144
1	165	144
1	166	143
1	167	143
1	168	142
1	169	142
1	170	142
1	171	141
1	172	141
1	173	141
1	174	141
1	175	141
1	176	141
1	177	141
1	178	142
1	179	142
1	180	143
1	181	144
1	182	144
1	183	144
1	184	144
1	185	144
1	186	144
1	187	145
1	188	145
1	189	146
1	190	146
1	191	147
1	192	148
1	193	148
1	194	149
1	195	150
1	196	151
1	197	152
1	198	153
1	199	153
1	200	154
1	201	155
1	202	155
1	202	156
1	203	157
1	204	158
1	205	159
1	206	160
1	207	161
1	208	162
1	209	163
1	210	164
1	211	165
1	212	166
1	212	167
1	213	168
1	212	169
1	213	170
1	213	171
1	214	172
1	215	172
1	216	173
1	216	174
1	217	175
1	217	176
1	217	177
1	217	178
1	218	179
1	218	180
1	218	181
1	219	182
1	219	183
1	219	184
1	220	185
1	220	186
1	220	187
1	221	188
1	221	189
1	222	190
1	223	191
1	224	192
1	224	193
1	225	194
1	225	195
1	225	196
1	225	197
1	226	198
1	227	198
1	228	199
1	228	200
1	228	201
1	229	202
1	229	203
1	229	204
1	229	205
1	228	206
1	228	207
1	228	208
1	228	209
1	227	210
1	227	211
1	227	212
1	226	213
1	226	214
1	226	215
1	225	216
1	224	217
1	224	218
1	224	219
1	223	220
1	223	221
1	222	222
1	222	223
1	222	224
1	221	225
1	221	226
1	221	227
1	220	228
1	220	229
1	219	230
1	219	231
1	218	232
1	217	233
1	217	234
1	216	235
1	215	235
1	214	236
1	213	236
1	212	237
1	211	237
1	210	238
1	209	238
1	208	238
1	207	238
1	206	238
1	205	238
1	204	238
1	203	238
1	202	238
1	201	239
1	200	239
1	199	239
1	198	239
1	197	239
1	196	239
1	195	239
1	194	238
1	193	238
1	192	238
1	191	238
1	190	238
1	189	238
1	188	238
1	187	238
1	186	237
1	185	237
1	184	237
1	183	237
1	182	237
1	181	238
1	180	238
1	179	239
1	178	240
1	177	241
1	176	242
1	175	243
1	175	244
1	174	245
1	174	246
1	173	247
1	173	248
1	172	249
1	172	250
1	172	251
1	171	250
1	170	250
1	169	250
1	168	249
1	167	249
1	166	249
1	165	249
1	164	248
1	163	248
1	162	248
1	161	248
1	160	247
1	159	247
1	159	246
1	159	245
1	159	244
1	159	243
1	158	242
1	158	241
1	157	240
1	156	240
1	155	240
1	154	240
1	153	240
1	152	240
1	151	240
1	150	240
1	149	241
1	148	241
1	147	241
1	146	241
1	145	241
1	144	242
1	143	242
1	142	242
1	141	242
1	140	242
1	139	242
1	138	242
1	137	241
1	136	241
1	135	241
1	134	240
1	133	240
1	132	240
1	131	239
1	130	239
1	129	238
1	128	238
1	127	237
1	126	237
1	125	236
1	124	235
1	123	235
1	122	234
1	121	233
1	120	232
1	119	231
1	119	230
1	118	229
1	117	228
1	116	227
1	115	226
1	115	225
1	114	224
1	114	223
1	114	222
1	114	221
1	114	220
1	113	219
1	113	218
1	112	217
1	112	216
1	111	215
1	111	214
1	110	213
1	110	212
1	110	211
1	109	210
1	109	209
1	109	208
1	109	207
1	108	206
1	108	205
1	108	204
1	108	203
1	108	202
1	108	201
1	108	200
1	108	199
1	108	198
1	108	197
1	108	196
1	108	195
1	105	174
1	105	173
1	106	172
1	106	171
1	106	170
1	106	169
1	106	168
1	106	167
1	106	166
1	106	165
1	106	164
1	107	163
1	107	162
1	108	161
1	108	160
1	108	159
1	109	158
1	109	157
1	109	156
1	110	155
1	110	154
1	111	153
1	111	152
1	112	151
1	112	150
1	113	149
1	113	148
1	114	147
1	115	146
1	116	145
1	117	144
1	118	143
1	119	143
1	120	143
1	121	142
1	122	141
1	122	140
1	123	139
1	124	138
1	125	138
1	126	137
1	127	136
1	128	136
1	129	135
1	130	134
1	131	134
1	132	134
1	133	133
1	134	133
1	135	133
1	136	132
1	137	132
1	138	131
1	139	130
1	140	130
1	141	129
1	142	129
1	143	129
1	144	129
1	145	129
1	146	129
1	147	129
1	148	129
1	149	128
1	150	128
1	151	128
1	152	127
1	153	127
1	154	127
1	155	126
1	156	126
1	157	126
1	158	126
1	159	127
1	160	126
1	161	126
1	162	125
1	163	125
1	164	125
1	165	125
1	166	125
1	167	125
1	168	125
1	169	125
1	170	125
1	171	125
1	172	126
1	173	126
1	174	127
1	175	128
1	176	128
1	177	129
1	178	129
1	179	130
1	180	130
1	181	131
1	182	131
1	183	132
1	184	132
1	185	133
1	186	133
1	187	134
1	188	134
1	189	135
1	190	136
1	191	136
1	192	137
1	193	138
1	194	139
1	195	139
1	196	140
1	197	141
1	198	142
1	198	143
1	199	144
1	200	145
1	201	146
1	202	146
1	203	147
1	204	147
1	205	148
1	206	149
1	206	150
1	207	151
1	207	152
1	207	153
1	208	154
1	208	155
1	208	156
1	208	157
1	208	158
1	208	159
1	209	160
1	209	161
1	209	162
1	209	163
1	209	164
1	209	165
1	209	166
1	209	167
1	209	168
1	209	169
1	209	170
1	209	171
1	209	172
1	209	173
1	209	174
1	208	175
1	208	176
1	207	177
1	207	178
1	207	179
1	208	180
1	208	181
1	208	182
1	207	183
1	207	184
1	207	185
1	207	186
1	207	187
1	206	188
1	206	189
1	205	190
1	205	191
1	204	192
1	203	193
1	202	194
1	202	195
1	201	195
1	200	196
1	199	196
1	198	197
1	197	198
1	196	198
1	195	199
1	194	200
1	193	200
1	192	201
1	191	201
1	190	202
1	189	202
1	188	203
1	187	204
1	186	204
1	185	204
1	184	205
1	183	205
1	182	205
1	181	205
1	180	204
1	179	204
1	178	204
1	177	203
1	176	203
1	175	202
1	174	202
1	173	201
1	172	201
1	171	201
1	170	201
1	169	201
1	168	202
1	167	202
1	166	203
1	165	203
1	164	204
1	163	205
1	162	204
1	161	204
1	160	204
1	159	204
1	158	204
1	157	204
1	156	205
1	155	205
1	154	205
1	153	205
1	152	205
1	151	205
1	150	205
1	149	206
1	149	205
1	149	204
1	149	203
1	148	202
1	147	202
1	146	203
1	146	204
1	145	205
1	144	205
1	143	206
1	142	207
1	141	207
1	140	208
1	139	208
1	138	208
1	137	208
1	136	209
1	135	209
1	134	209
1	133	209
1	132	209
1	131	209
1	130	209
1	129	209
1	128	209
1	127	209
1	126	209
1	125	208
1	124	208
1	123	208
1	122	208
1	121	207
1	120	207
1	119	207
1	118	206
1	117	206
1	116	205
1	115	204
1	114	203
1	114	202
1	113	201
1	112	200
1	112	199
1	111	198
1	111	197
1	111	196
1	110	195
1	110	194
1	110	193
1	109	192
1	109	191
1	108	190
1	107	189
1	107	188
1	106	187
1	106	186
1	105	185
1	105	184
1	105	183
1	104	182
1	104	181
1	104	180
1	104	179
1	104	178
1	104	177
1	104	176
1	104	175
1	76	172
1	76	171
1	76	170
1	76	169
1	76	168
1	76	167
1	77	166
1	77	165
1	78	164
1	79	163
1	79	162
1	79	161
1	80	160
1	80	159
1	80	158
1	81	157
1	82	156
1	83	155
1	83	154
1	84	153
1	85	152
1	86	151
1	86	150
1	87	149
1	88	148
1	88	147
1	89	146
1	90	145
1	90	144
1	91	143
1	92	142
1	92	141
1	93	140
1	94	139
1	95	138
1	96	138
1	97	137
1	98	136
1	99	136
1	100	136
1	101	135
1	102	135
1	103	135
1	104	136
1	105	136
1	106	136
1	107	135
1	108	135
1	109	134
1	110	134
1	111	133
1	112	133
1	113	133
1	114	133
1	115	133
1	116	133
1	117	133
1	118	133
1	119	132
1	120	132
1	121	132
1	122	132
1	123	132
1	124	132
1	125	132
1	126	132
1	127	132
1	128	132
1	129	132
1	130	132
1	131	132
1	132	132
1	133	131
1	134	131
1	135	131
1	136	131
1	137	130
1	138	130
1	139	130
1	140	129
1	141	129
1	142	129
1	143	129
1	144	130
1	145	130
1	146	131
1	147	132
1	148	131
1	149	131
1	150	131
1	151	132
1	152	132
1	153	132
1	154	133
1	155	133
1	156	134
1	157	135
1	158	136
1	159	136
1	160	137
1	161	137
1	162	137
1	163	138
1	164	138
1	165	138
1	166	138
1	167	139
1	168	139
1	169	139
1	170	139
1	171	139
1	172	139
1	173	140
1	174	140
1	175	141
1	176	141
1	177	142
1	178	142
1	179	143
1	180	144
1	181	144
1	182	145
1	183	146
1	184	146
1	184	147
1	185	148
1	185	149
1	186	150
1	187	151
1	188	151
1	189	151
1	190	152
1	191	153
1	192	154
1	193	155
1	193	156
1	194	157
1	195	158
1	195	159
1	196	160
1	196	161
1	196	162
1	197	163
1	197	164
1	197	165
1	197	166
1	198	167
1	198	168
1	198	169
1	198	170
1	198	171
1	198	172
1	198	173
1	198	174
1	198	175
1	198	176
1	199	177
1	199	178
1	199	179
1	199	180
1	199	181
1	199	182
1	198	183
1	198	184
1	198	185
1	198	186
1	199	187
1	199	188
1	199	189
1	198	190
1	198	191
1	198	192
1	198	193
1	198	194
1	197	195
1	197	196
1	196	197
1	196	198
1	195	199
1	195	200
1	194	201
1	193	202
1	192	203
1	192	204
1	191	205
1	190	206
1	189	207
1	188	208
1	187	209
1	186	210
1	185	210
1	184	211
1	183	212
1	182	213
1	181	214
1	180	215
1	179	215
1	178	216
1	177	216
1	176	217
1	175	217
1	174	218
1	173	219
1	172	219
1	171	220
1	170	220
1	169	221
1	168	221
1	167	221
1	166	222
1	165	222
1	164	222
1	163	222
1	162	223
1	161	223
1	160	223
1	159	223
1	158	223
1	157	223
1	156	223
1	155	223
1	154	223
1	153	223
1	152	223
1	151	222
1	150	222
1	149	222
1	148	221
1	147	221
1	146	220
1	145	220
1	144	219
1	143	219
1	142	219
1	141	218
1	140	218
1	139	218
1	138	218
1	137	218
1	136	219
1	135	219
1	134	220
1	133	221
1	133	222
1	133	223
1	133	224
1	133	225
1	132	224
1	131	224
1	130	224
1	129	224
1	128	223
1	127	223
1	126	223
1	125	223
1	124	223
1	123	223
1	122	222
1	121	222
1	120	222
1	119	223
1	119	222
1	119	221
1	118	220
1	118	219
1	117	218
1	116	217
1	115	216
1	114	216
1	113	216
1	112	216
1	111	216
1	110	216
1	109	216
1	108	216
1	107	216
1	106	216
1	105	216
1	104	216
1	103	216
1	102	215
1	101	215
1	100	215
1	99	214
1	98	214
1	97	214
1	96	213
1	95	213
1	94	212
1	93	212
1	92	211
1	91	211
1	90	210
1	89	209
1	88	209
1	87	208
1	86	207
1	85	206
1	84	205
1	83	204
1	83	203
1	83	202
1	82	201
1	82	200
1	82	199
1	82	198
1	81	197
1	81	196
1	80	195
1	79	194
1	79	193
1	79	192
1	78	191
1	78	190
1	77	189
1	77	188
1	77	187
1	76	186
1	76	185
1	76	184
1	76	183
1	76	182
1	76	181
1	76	180
1	76	179
1	76	178
1	76	177
1	76	176
1	75	175
1	75	174
1	75	173
1	101	170
1	101	169
1	102	168
1	102	167
1	103	166
1	104	165
1	104	164
1	104	163
1	104	162
1	105	161
1	105	160
1	105	159
1	105	158
1	106	157
1	106	156
1	106	155
1	106	154
1	107	153
1	108	152
1	108	151
1	109	151
1	110	150
1	110	149
1	111	148
1	111	147
1	111	146
1	112	145
1	112	144
1	113	143
1	113	142
1	114	141
1	115	140
1	116	140
1	117	139
1	118	138
1	119	137
1	120	137
1	121	137
1	122	137
1	123	136
1	124	136
1	125	135
1	125	134
1	126	134
1	127	133
1	128	132
1	129	132
1	130	132
1	131	132
1	132	132
1	133	131
1	134	131
1	135	131
1	136	131
1	137	130
1	138	130
1	139	130
1	140	130
1	141	130
1	142	130
1	143	130
1	144	129
1	145	129
1	146	129
1	147	129
1	148	129
1	149	128
1	150	128
1	151	127
1	152	127
1	153	127
1	154	126
1	155	126
1	156	126
1	157	126
1	158	126
1	159	127
1	160	127
1	161	126
1	162	126
1	163	126
1	164	126
1	165	126
1	166	126
1	167	126
1	168	127
1	169	127
1	170	127
1	171	128
1	172	129
1	173	129
1	174	130
1	175	131
1	176	131
1	177	132
1	178	132
1	179	132
1	180	132
1	181	132
1	182	132
1	183	132
1	184	132
1	185	132
1	186	133
1	187	133
1	188	133
1	189	133
1	190	134
1	191	134
1	192	135
1	193	135
1	194	136
1	195	136
1	196	137
1	197	138
1	198	139
1	198	140
1	199	141
1	200	142
1	201	142
1	202	143
1	203	143
1	204	144
1	204	145
1	205	146
1	206	147
1	206	148
1	207	149
1	207	150
1	208	151
1	209	152
1	209	153
1	210	154
1	210	155
1	211	156
1	212	157
1	212	158
1	213	159
1	213	160
1	213	161
1	214	162
1	214	163
1	214	164
1	215	165
1	215	166
1	216	167
1	216	168
1	216	169
1	217	170
1	217	171
1	217	172
1	218	173
1	218	174
1	218	175
1	219	176
1	219	177
1	219	178
1	219	179
1	219	180
1	219	181
1	219	182
1	219	183
1	218	184
1	218	185
1	218	186
1	217	187
1	217	188
1	216	189
1	215	190
1	215	191
1	215	192
1	215	193
1	215	194
1	215	195
1	214	196
1	214	197
1	214	198
1	213	199
1	213	200
1	212	201
1	212	202
1	211	203
1	211	204
1	211	205
1	210	206
1	209	207
1	208	208
1	207	209
1	206	210
1	205	211
1	204	212
1	203	213
1	202	213
1	201	214
1	200	214
1	199	214
1	198	215
1	197	215
1	196	216
1	195	216
1	194	216
1	193	216
1	192	217
1	191	217
1	190	217
1	189	217
1	188	217
1	187	218
1	186	218
1	185	218
1	184	218
1	183	218
1	182	217
1	181	217
1	180	217
1	179	217
1	178	217
1	177	217
1	176	217
1	175	217
1	174	217
1	173	217
1	172	217
1	171	217
1	170	218
1	169	219
1	168	220
1	167	221
1	166	222
1	166	223
1	165	224
1	165	225
1	164	226
1	164	227
1	163	226
1	162	226
1	161	226
1	160	226
1	159	226
1	158	226
1	157	226
1	156	225
1	155	225
1	154	225
1	153	225
1	152	225
1	151	225
1	150	225
1	149	225
1	149	224
1	149	223
1	148	222
1	148	221
1	147	220
1	147	219
1	146	218
1	145	217
1	144	216
1	143	216
1	142	215
1	141	215
1	140	214
1	139	214
1	138	214
1	137	213
1	136	213
1	135	213
1	134	213
1	133	212
1	132	212
1	131	212
1	130	212
1	129	211
1	128	211
1	127	211
1	126	210
1	125	210
1	124	210
1	123	209
1	122	209
1	121	208
1	120	208
1	119	207
1	118	207
1	117	207
1	116	206
1	115	206
1	114	205
1	113	205
1	112	204
1	111	203
1	110	203
1	109	202
1	108	201
1	108	200
1	107	199
1	107	198
1	106	197
1	105	196
1	105	195
1	104	194
1	104	193
1	103	192
1	103	191
1	102	190
1	102	189
1	102	188
1	101	187
1	101	186
1	101	185
1	101	184
1	101	183
1	100	182
1	100	181
1	100	180
1	100	179
1	100	178
1	100	177
1	100	176
1	100	175
1	100	174
1	100	173
1	100	172
1	100	171
1	109	206
1	109	205
1	109	204
1	110	203
1	110	202
1	111	201
1	112	200
1	113	199
1	113	198
1	113	197
1	114	196
1	114	195
1	115	194
1	115	193
1	116	192
1	116	191
1	116	190
1	117	189
1	117	188
1	118	187
1	119	186
1	119	185
1	120	184
1	120	183
1	121	182
1	122	181
1	122	180
1	123	179
1	124	178
1	124	177
1	125	176
1	126	175
1	127	174
1	128	173
1	129	172
1	130	171
1	131	171
1	132	170
1	133	170
1	134	170
1	135	170
1	136	169
1	137	168
1	138	167
1	139	167
1	140	166
1	141	166
1	142	166
1	143	166
1	144	165
1	145	165
1	146	164
1	147	164
1	148	164
1	149	163
1	150	163
1	151	163
1	152	163
1	153	163
1	154	162
1	155	162
1	156	161
1	157	161
1	158	161
1	159	161
1	160	161
1	161	161
1	162	160
1	163	160
1	164	160
1	165	159
1	166	159
1	167	159
1	168	158
1	169	158
1	170	158
1	171	157
1	172	157
1	173	157
1	174	157
1	175	157
1	176	157
1	177	158
1	178	158
1	179	159
1	180	159
1	181	159
1	182	159
1	183	160
1	184	160
1	185	161
1	186	161
1	187	162
1	188	163
1	189	163
1	190	164
1	191	164
1	192	164
1	193	164
1	194	165
1	195	165
1	196	165
1	197	165
1	198	166
1	199	167
1	200	167
1	201	167
1	202	168
1	203	169
1	204	169
1	205	170
1	206	171
1	207	172
1	208	173
1	209	173
1	210	174
1	211	174
1	212	175
1	213	176
1	214	177
1	214	178
1	215	179
1	216	180
1	217	181
1	218	181
1	219	182
1	219	183
1	220	184
1	221	185
1	221	186
1	222	187
1	222	188
1	222	189
1	223	190
1	223	191
1	223	192
1	223	193
1	223	194
1	223	195
1	223	196
1	223	197
1	223	198
1	224	199
1	224	200
1	224	201
1	224	202
1	224	203
1	224	204
1	224	205
1	224	206
1	224	207
1	224	208
1	225	209
1	225	210
1	225	211
1	224	212
1	224	213
1	224	214
1	224	215
1	225	216
1	225	217
1	225	218
1	224	219
1	224	220
1	224	221
1	223	222
1	223	223
1	222	224
1	222	225
1	221	226
1	221	227
1	220	228
1	219	229
1	218	230
1	218	231
1	217	232
1	217	233
1	217	234
1	216	235
1	216	236
1	215	237
1	216	238
1	215	239
1	215	240
1	214	241
1	214	242
1	213	243
1	212	244
1	212	245
1	211	246
1	210	247
1	209	248
1	208	248
1	207	249
1	206	250
1	205	250
1	204	251
1	203	251
1	202	252
1	201	252
1	200	253
1	199	253
1	198	254
1	197	254
1	196	255
1	195	255
1	194	256
1	193	256
1	192	256
1	191	256
1	190	257
1	189	257
1	188	257
1	187	257
1	186	257
1	185	257
1	184	257
1	183	257
1	182	257
1	181	257
1	180	257
1	179	257
1	178	257
1	177	257
1	176	257
1	175	258
1	174	258
1	173	259
1	172	260
1	171	261
1	170	262
1	170	263
1	169	264
1	168	265
1	167	264
1	166	264
1	165	264
1	164	263
1	163	263
1	162	263
1	161	263
1	160	263
1	159	262
1	158	262
1	157	262
1	156	262
1	155	261
1	154	261
1	153	261
1	152	262
1	152	261
1	152	260
1	151	259
1	151	258
1	150	257
1	149	256
1	148	255
1	147	255
1	146	254
1	145	254
1	144	254
1	143	254
1	142	253
1	141	253
1	140	253
1	139	253
1	138	252
1	137	252
1	136	252
1	135	251
1	134	251
1	133	251
1	132	250
1	131	250
1	130	249
1	129	249
1	128	248
1	127	248
1	126	248
1	125	247
1	124	246
1	123	245
1	122	244
1	121	243
1	120	242
1	119	241
1	118	240
1	117	239
1	117	238
1	116	237
1	116	236
1	115	235
1	114	234
1	114	233
1	114	232
1	113	231
1	113	230
1	113	229
1	113	228
1	113	227
1	113	226
1	113	225
1	113	224
1	112	223
1	112	222
1	111	221
1	111	220
1	111	219
1	110	218
1	110	217
1	109	216
1	109	215
1	109	214
1	109	213
1	109	212
1	108	211
1	108	210
1	108	209
1	108	208
1	108	207
1	103	208
1	103	207
1	103	206
1	103	205
1	104	204
1	105	203
1	105	202
1	105	201
1	105	200
1	105	199
1	106	198
1	106	197
1	107	196
1	108	195
1	108	194
1	109	193
1	109	192
1	110	191
1	111	190
1	112	189
1	113	188
1	113	187
1	114	186
1	114	185
1	115	184
1	115	183
1	116	182
1	116	181
1	117	180
1	118	179
1	119	179
1	120	178
1	121	178
1	122	177
1	123	176
1	123	175
1	124	174
1	125	173
1	126	173
1	127	173
1	128	172
1	129	172
1	130	172
1	131	171
1	132	171
1	133	171
1	134	171
1	135	171
1	136	171
1	137	170
1	138	170
1	139	170
1	140	170
1	141	170
1	142	170
1	143	170
1	144	169
1	145	169
1	146	169
1	147	169
1	148	169
1	149	169
1	150	169
1	151	169
1	152	169
1	153	170
1	154	170
1	155	169
1	156	169
1	157	169
1	158	169
1	159	169
1	160	170
1	161	170
1	162	170
1	163	169
1	164	169
1	165	169
1	166	169
1	167	169
1	168	169
1	169	169
1	170	169
1	171	169
1	172	169
1	173	170
1	174	170
1	175	170
1	176	170
1	177	170
1	178	170
1	179	170
1	180	170
1	181	171
1	182	171
1	183	172
1	184	173
1	185	173
1	186	174
1	187	174
1	188	174
1	189	174
1	190	175
1	191	175
1	192	176
1	193	177
1	194	178
1	195	179
1	195	180
1	196	181
1	197	182
1	197	183
1	198	184
1	198	185
1	199	186
1	199	187
1	199	188
1	200	189
1	200	190
1	201	191
1	201	192
1	202	193
1	203	194
1	203	195
1	204	196
1	204	197
1	204	198
1	204	199
1	203	200
1	204	201
1	204	202
1	205	203
1	205	204
1	205	205
1	205	206
1	204	207
1	204	208
1	204	209
1	204	210
1	204	211
1	205	212
1	205	213
1	205	214
1	205	215
1	205	216
1	205	217
1	205	218
1	205	219
1	205	220
1	205	221
1	204	222
1	204	223
1	204	224
1	204	225
1	204	226
1	203	227
1	203	228
1	202	229
1	201	230
1	200	231
1	199	232
1	198	233
1	197	234
1	196	235
1	195	235
1	194	236
1	193	236
1	192	237
1	191	237
1	190	237
1	189	238
1	188	238
1	187	238
1	186	238
1	185	239
1	184	239
1	183	239
1	182	239
1	181	239
1	180	239
1	179	239
1	178	239
1	177	239
1	176	239
1	175	239
1	174	239
1	173	239
1	172	239
1	171	238
1	170	238
1	169	238
1	168	238
1	167	238
1	166	239
1	165	239
1	164	240
1	163	241
1	162	242
1	162	243
1	161	244
1	161	245
1	160	246
1	160	247
1	160	248
1	159	249
1	159	250
1	159	251
1	158	252
1	158	253
1	158	254
1	157	253
1	156	252
1	155	252
1	154	251
1	153	250
1	152	250
1	151	249
1	150	248
1	149	247
1	148	247
1	147	246
1	147	245
1	146	244
1	146	243
1	146	242
1	145	241
1	144	240
1	143	240
1	142	241
1	141	241
1	140	242
1	139	242
1	138	242
1	137	243
1	136	243
1	135	243
1	134	243
1	133	243
1	132	243
1	131	243
1	130	243
1	129	243
1	128	243
1	127	243
1	126	243
1	125	243
1	124	243
1	123	242
1	122	242
1	121	242
1	120	241
1	119	241
1	118	240
1	117	239
1	116	238
1	115	237
1	114	237
1	114	236
1	113	235
1	113	234
1	112	233
1	111	232
1	110	231
1	110	230
1	109	229
1	108	228
1	108	227
1	107	226
1	107	225
1	106	224
1	106	223
1	105	222
1	105	221
1	104	220
1	104	219
1	104	218
1	103	217
1	103	216
1	103	215
1	103	214
1	103	213
1	102	212
1	102	211
1	102	210
1	102	209
1	81	258
1	81	257
1	81	256
1	81	255
1	82	254
1	82	253
1	82	252
1	82	251
1	82	250
1	82	249
1	82	248
1	83	247
1	83	246
1	83	245
1	83	244
1	83	243
1	84	242
1	84	241
1	84	240
1	85	239
1	85	238
1	85	237
1	86	236
1	87	235
1	88	234
1	89	233
1	90	233
1	91	232
1	92	231
1	92	230
1	93	229
1	94	228
1	95	227
1	96	227
1	97	226
1	98	226
1	99	225
1	99	224
1	100	223
1	101	222
1	102	221
1	103	220
1	104	219
1	105	219
1	106	218
1	107	218
1	108	217
1	109	217
1	110	216
1	111	216
1	112	216
1	113	215
1	114	215
1	115	214
1	116	214
1	117	213
1	118	213
1	119	212
1	120	212
1	121	211
1	122	211
1	123	211
1	124	211
1	125	211
1	126	211
1	127	210
1	128	210
1	129	209
1	130	209
1	131	209
1	132	208
1	133	209
1	134	209
1	135	209
1	136	209
1	137	209
1	138	210
1	139	210
1	140	210
1	141	211
1	142	211
1	143	211
1	144	211
1	145	211
1	146	211
1	147	211
1	148	211
1	149	210
1	150	210
1	151	211
1	152	211
1	153	211
1	154	211
1	155	212
1	156	212
1	157	211
1	158	211
1	159	211
1	160	211
1	161	211
1	162	211
1	163	211
1	164	211
1	165	211
1	166	211
1	167	212
1	168	213
1	169	213
1	170	213
1	171	213
1	172	213
1	173	214
1	174	214
1	175	214
1	176	215
1	177	216
1	178	217
1	179	218
1	180	219
1	180	220
1	181	221
1	182	222
1	183	223
1	184	223
1	185	224
1	185	225
1	186	226
1	187	227
1	188	228
1	189	229
1	190	230
1	191	231
1	192	232
1	193	233
1	193	234
1	194	235
1	195	236
1	196	236
1	197	237
1	198	238
1	199	239
1	200	240
1	200	241
1	201	242
1	202	243
1	202	244
1	202	245
1	203	246
1	203	247
1	204	248
1	204	249
1	204	250
1	204	251
1	204	252
1	205	253
1	205	254
1	205	255
1	205	256
1	205	257
1	205	258
1	205	259
1	205	260
1	205	261
1	205	262
1	205	263
1	205	264
1	205	265
1	205	266
1	205	267
1	205	268
1	205	269
1	205	270
1	204	271
1	204	272
1	204	273
1	204	274
1	204	275
1	203	276
1	203	277
1	202	278
1	202	279
1	201	280
1	201	281
1	200	282
1	199	283
1	198	284
1	198	285
1	197	286
1	196	287
1	195	288
1	194	288
1	193	289
1	192	290
1	191	291
1	190	291
1	189	292
1	188	292
1	187	293
1	186	293
1	185	294
1	184	294
1	183	295
1	182	295
1	181	296
1	180	296
1	179	296
1	178	296
1	177	296
1	176	297
1	175	297
1	174	297
1	173	297
1	172	297
1	171	297
1	170	297
1	169	296
1	168	296
1	167	296
1	166	296
1	165	296
1	164	296
1	163	297
1	162	297
1	161	297
1	160	298
1	159	298
1	158	299
1	157	300
1	156	301
1	155	302
1	155	303
1	154	302
1	153	302
1	152	302
1	151	303
1	150	303
1	149	303
1	148	303
1	147	303
1	146	303
1	145	304
1	144	304
1	143	304
1	142	304
1	141	305
1	141	304
1	141	303
1	140	302
1	140	301
1	139	300
1	138	299
1	137	298
1	136	298
1	135	298
1	134	298
1	133	298
1	132	298
1	131	299
1	130	299
1	129	300
1	128	300
1	127	301
1	126	301
1	125	301
1	124	302
1	123	302
1	122	303
1	121	303
1	120	304
1	119	304
1	118	304
1	117	305
1	116	305
1	115	305
1	114	305
1	113	305
1	112	305
1	111	305
1	110	305
1	109	305
1	108	305
1	107	304
1	106	304
1	105	304
1	104	304
1	103	304
1	102	304
1	101	304
1	100	303
1	99	303
1	98	302
1	97	302
1	96	301
1	96	300
1	95	299
1	94	298
1	93	297
1	92	296
1	91	295
1	90	294
1	89	293
1	88	292
1	87	291
1	86	290
1	85	289
1	85	288
1	84	287
1	84	286
1	83	285
1	83	284
1	82	283
1	82	282
1	82	281
1	82	280
1	81	279
1	81	278
1	80	277
1	80	276
1	80	275
1	80	274
1	80	273
1	80	272
1	80	271
1	80	270
1	80	269
1	80	268
1	80	267
1	80	266
1	81	265
1	81	264
1	81	263
1	80	262
1	80	261
1	80	260
1	80	259
1	96	239
1	96	238
1	96	237
1	96	236
1	96	235
1	97	234
1	98	233
1	99	232
1	99	231
1	100	230
1	100	229
1	100	228
1	100	227
1	101	226
1	102	225
1	103	224
1	104	223
1	104	222
1	105	221
1	106	220
1	107	219
1	107	218
1	107	217
1	108	216
1	108	215
1	109	214
1	110	213
1	111	212
1	112	211
1	113	211
1	114	211
1	115	210
1	116	209
1	117	208
1	118	207
1	119	206
1	120	205
1	121	205
1	122	204
1	123	203
1	124	203
1	125	202
1	126	202
1	127	201
1	128	201
1	129	200
1	130	200
1	131	199
1	132	198
1	133	198
1	134	198
1	135	197
1	136	197
1	137	196
1	138	196
1	139	196
1	140	195
1	141	195
1	142	194
1	143	194
1	144	194
1	145	193
1	146	193
1	147	193
1	148	193
1	149	193
1	150	193
1	151	194
1	152	194
1	153	194
1	154	194
1	155	193
1	156	193
1	157	193
1	158	193
1	159	192
1	160	193
1	161	193
1	162	194
1	163	194
1	164	194
1	165	194
1	166	195
1	167	195
1	168	195
1	169	196
1	170	196
1	171	196
1	172	196
1	173	196
1	174	196
1	175	196
1	176	196
1	177	196
1	178	197
1	179	197
1	180	197
1	181	197
1	182	198
1	183	198
1	184	199
1	184	200
1	185	201
1	186	201
1	187	202
1	188	202
1	189	202
1	190	203
1	191	203
1	192	204
1	193	205
1	194	206
1	195	207
1	196	208
1	197	209
1	198	210
1	198	211
1	199	212
1	200	213
1	200	214
1	201	215
1	201	216
1	201	217
1	202	218
1	202	219
1	203	220
1	203	221
1	203	222
1	204	223
1	204	224
1	204	225
1	204	226
1	204	227
1	204	228
1	205	229
1	206	230
1	207	231
1	207	232
1	208	233
1	208	234
1	209	235
1	209	236
1	209	237
1	209	238
1	209	239
1	210	240
1	210	241
1	210	242
1	210	243
1	210	244
1	210	245
1	210	246
1	210	247
1	210	248
1	210	249
1	209	250
1	209	251
1	209	252
1	209	253
1	209	254
1	208	255
1	208	256
1	207	257
1	207	258
1	206	259
1	206	260
1	206	261
1	206	262
1	205	263
1	205	264
1	205	265
1	204	266
1	203	267
1	202	268
1	201	269
1	201	270
1	200	271
1	199	272
1	198	273
1	197	274
1	196	275
1	195	275
1	194	276
1	193	277
1	192	277
1	191	278
1	190	279
1	189	279
1	188	279
1	187	280
1	186	280
1	185	280
1	184	281
1	183	281
1	182	281
1	181	281
1	180	280
1	179	280
1	178	280
1	177	279
1	176	279
1	175	279
1	174	278
1	173	278
1	172	278
1	171	278
1	170	277
1	169	277
1	168	277
1	167	277
1	166	277
1	165	278
1	164	279
1	163	280
1	162	281
1	162	282
1	161	283
1	161	284
1	161	285
1	160	286
1	160	287
1	159	287
1	158	287
1	157	288
1	156	288
1	155	288
1	154	288
1	153	289
1	152	289
1	151	289
1	150	289
1	149	290
1	148	290
1	147	290
1	146	291
1	146	290
1	145	289
1	145	288
1	144	287
1	144	286
1	143	285
1	142	284
1	141	283
1	140	282
1	139	282
1	138	281
1	137	281
1	136	282
1	135	282
1	134	282
1	133	282
1	132	282
1	131	282
1	130	282
1	129	282
1	128	282
1	127	282
1	126	281
1	125	281
1	124	281
1	123	280
1	122	280
1	121	279
1	120	279
1	119	278
1	118	278
1	117	278
1	116	278
1	115	277
1	114	277
1	113	277
1	112	276
1	111	275
1	110	275
1	109	274
1	108	273
1	107	272
1	106	272
1	105	271
1	105	270
1	104	269
1	103	268
1	103	267
1	102	266
1	102	265
1	101	264
1	101	263
1	100	262
1	100	261
1	100	260
1	100	259
1	99	258
1	99	257
1	98	256
1	98	255
1	98	254
1	97	253
1	97	252
1	97	251
1	97	250
1	97	249
1	97	248
1	96	247
1	96	246
1	96	245
1	96	244
1	96	243
1	95	242
1	95	241
1	95	240
