LM=8
141	288
140	201
199	246
97	248
173	282
108	216
111	275
174	212
IMAGE=Ox_01
ID=Ox_01
LM=8
147	313
143	214
209	267
83	273
182	305
104	228
108	309
190	226
IMAGE=Ox_02
ID=Ox_02
LM=8
150	258
151	149
209	213
85	214
180	244
105	169
116	250
196	171
IMAGE=Ox_03
ID=Ox_03
LM=8
154	259
152	168
212	224
84	229
186	259
109	183
115	266
197	185
IMAGE=Ox_04
ID=Ox_04
LM=8
151	265
148	164
220	229
93	234
181	262
102	182
122	259
199	181
IMAGE=Ox_05
ID=Ox_05
LM=8
149	286
144	166
216	225
74	233
187	270
100	183
105	269
189	185
IMAGE=Ox_06
ID=Ox_06
LM=8
163	286
160	170
226	230
96	235
197	271
116	191
123	271
203	191
IMAGE=Ox_10
ID=Ox_10
LM=8
148	244
148	182
195	218
110	217
179	250
122	192
123	243
178	189
IMAGE=Ox_11
ID=Ox_11
LM=8
130	288
126	190
198	237
78	243
170	285
95	208
95	275
175	196
IMAGE=Ox_13
ID=Ox_13
LM=8
153	309
148	203
216	252
91	258
193	297
111	214
107	302
192	216
IMAGE=Ox_14
ID=Ox_14
LM=8
158	296
152	194
221	249
92	258
190	289
111	209
115	290
198	207
IMAGE=Ox_15
ID=Ox_15
LM=8
153	269
149	161
221	206
93	212
193	253
115	176
105	255
195	165
IMAGE=Ox_16
ID=Ox_16
LM=8
148	285
143	187
208	242
93	249
184	282
107	207
116	275
189	201
IMAGE=Ox_17
ID=Ox_17
LM=8
131	241
125	142
195	200
76	209
164	241
90	167
97	237
178	154
IMAGE=Ox_18
ID=Ox_18
LM=8
146	293
140	209
202	240
95	249
181	285
113	217
106	281
175	211
IMAGE=Ox_19
ID=Ox_19
LM=8
141	276
133	183
200	232
84	243
173	274
97	198
104	270
176	198
IMAGE=Ox_20
ID=Ox_20
LM=8
162	265
159	188
212	229
116	234
192	263
129	200
136	255
188	202
IMAGE=Ox_21
ID=Ox_21
LM=8
166	248
170	142
229	205
108	199
202	238
131	166
130	239
207	161
IMAGE=Ox_22
ID=Ox_22
LM=8
155	206
154	127
209	174
104	177
184	205
121	142
120	207
190	136
IMAGE=Ox_23
ID=Ox_23
LM=8
126	223
119	132
199	177
76	186
163	222
88	147
92	211
164	138
IMAGE=Ox_24
ID=Ox_24
LM=8
157	226
155	126
219	178
100	182
192	217
115	140
126	210
198	139
IMAGE=Ox_25
ID=Ox_25
LM=8
161	260
161	161
225	211
108	209
203	251
126	175
124	246
202	168
IMAGE=Ox_27
ID=Ox_27
LM=8
153	251
154	170
205	215
102	212
179	239
118	179
126	243
193	177
IMAGE=Ox_28
ID=Ox_28
LM=8
147	303
149	210
205	270
80	266
175	297
100	223
110	305
188	228
IMAGE=Ox_29
ID=Ox_29
LM=8
152	288
147	193
210	240
96	247
185	280
115	210
114	277
188	202
IMAGE=Ox_33
ID=Ox_33
