LM=8
164	369
161	237
249	317
82	323
202	361
104	263
124	358
223	260
IMAGE=Nz_001
ID=Nz_001
LM=8
162	357
164	239
237	310
98	306
204	350
119	265
121	349
211	257
IMAGE=Nz_001 copy
ID=Nz_001 copy
LM=8
161	368
161	234
248	318
77	320
199	358
103	262
117	362
222	257
IMAGE=Nz_001 copy 2
ID=Nz_001 copy 2
LM=8
155	387
158	250
235	325
74	319
200	365
106	271
108	373
209	271
IMAGE=Nz_001 copy 3
ID=Nz_001 copy 3
LM=8
164	352
161	225
250	298
80	303
204	342
106	244
121	339
216	244
IMAGE=Nz_001 copy 4
ID=Nz_001 copy 4
LM=8
167	319
168	194
256	279
87	275
205	314
109	217
133	312
223	221
IMAGE=Nz_002
ID=Nz_002
LM=8
156	354
153	245
237	306
90	311
189	344
108	262
120	342
206	254
IMAGE=Nz_002 copy
ID=Nz_002 copy
LM=8
161	346
157	224
243	301
86	308
192	338
108	253
125	337
216	244
IMAGE=Nz_002 copy 2
ID=Nz_002 copy 2
LM=8
193	396
213	276
264	375
104	346
251	414
112	275
154	410
233	331
IMAGE=Nz_002 copy 3
ID=Nz_002 copy 3
LM=8
162	380
162	254
239	337
80	339
196	372
102	279
126	373
216	283
IMAGE=Nz_002 copy 4
ID=Nz_002 copy 4
LM=8
145	346
143	217
250	276
94	280
205	340
107	240
109	312
201	219
IMAGE=Nz_003
ID=Nz_003
LM=8
187	346
194	247
268	313
123	301
245	361
142	257
151	342
233	259
IMAGE=Nz_003 copy
ID=Nz_003 copy
LM=8
166	336
162	224
241	283
97	290
209	330
119	240
124	326
209	242
IMAGE=Nz_003 copy 2
ID=Nz_003 copy 2
LM=8
143	343
133	229
220	290
78	302
175	333
96	253
101	334
192	242
IMAGE=Nz_003 copy 3
ID=Nz_003 copy 3
LM=8
158	328
154	192
251	265
77	273
209	324
103	217
113	315
216	212
IMAGE=Nz_003 copy 4
ID=Nz_003 copy 4
LM=8
173	358
171	220
254	295
90	300
210	336
116	245
133	338
229	243
IMAGE=Nz_004 copy
ID=Nz_004 copy
LM=8
157	324
153	202
242	265
83	272
210	323
109	221
115	308
207	217
IMAGE=Nz_004 copy 3
ID=Nz_004 copy 3
LM=8
156	332
154	192
240	274
77	279
195	315
97	216
113	317
213	217
IMAGE=Nz_004 copy 4
ID=Nz_004 copy 4
LM=8
167	337
162	206
250	288
84	294
194	320
109	235
126	331
226	231
IMAGE=Nz_005
ID=Nz_005
LM=8
169	347
166	213
251	278
88	284
219	337
126	242
116	330
217	230
IMAGE=Nz_006 copy
ID=Nz_006 copy
LM=8
168	335
166	209
251	283
89	288
203	320
113	229
132	320
220	232
IMAGE=Nz_006 copy 2
ID=Nz_006 copy 2
LM=8
152	363
152	242
236	305
84	307
200	355
113	267
105	353
205	253
IMAGE=Nz_006 copy 3
ID=Nz_006 copy 3
LM=8
157	390
153	268
249	329
86	337
210	387
106	283
114	374
210	276
IMAGE=Nz_007 copy 2
ID=Nz_007 copy 2
LM=8
149	352
147	228
226	300
77	305
188	341
100	252
109	340
200	250
IMAGE=Nz_007 copy 3
ID=Nz_007 copy 3
LM=8
169	374
167	264
228	321
102	325
197	352
126	281
127	363
215	275
IMAGE=Nz_008 copy 2
ID=Nz_008 copy 2
LM=8
156	385
151	283
219	350
99	357
178	376
109	306
133	376
201	308
IMAGE=Nz_008 copy 4
ID=Nz_008 copy 4
