imageName	leafletID	Class	ScalingFactor	distBottomTerminal	distanceToTerminalL	LeafArea	LeafPerimeter	Area	splitPoint1X	splitPoint1Y	splitPoint2X	splitPoint2Y	cutpointleafCoordinatesX	cutpointleafCoordinatesY	centerX	centerY
Nz_008 copy 2		1	leaflet		0.25	1168	0	484480	8224	172480	163	379	175	381	169	378	316.433395176252	165.49452690167
Nz_008 copy 2		3	leaflet		0.25	1168	92	484480	8224	66832	195	387	199	400	199	391	378.267895618865	235.214747426383
Nz_008 copy 2		2	leaflet		0.25	1168	272	484480	8224	51808	146	427	141	439	142	431	409.913526868437	115.26189005559
Nz_008 copy 2		5	leaflet		0.25	1168	404	484480	8224	47536	199	461	201	474	202	466	449.587680915517	230.519353752945
Nz_008 copy 2		4	leaflet		0.25	1168	544	484480	8224	34560	147	504	144	516	144	508	499.076388888889	121.246296296296
Nz_008 copy 2		7	leaflet		0.25	1168	684	484480	8224	25968	195	528	201	539	201	530	518.747381392483	220.467036352434
Nz_008 copy 2		6	leaflet		0.25	1168	852	484480	8224	17136	147	575	143	590	143	580	572.85060690943	125.951447245565
Nz_008 copy 2		9	smallLeaflet	0.25	1168	984	484480	8224	3504	178	615	178	619	175	616	613.684931506849	196.488584474886
Nz_008 copy 2		10	bottomPoint	0.25	1168	1168	484480	8224	0	NaN	NaN	NaN	NaN	NaN	NaN	173	667
Nz_008 copy 2		11	TopPoint	0.25	1168	NaN	484480	8224	0	NaN	NaN	NaN	NaN	NaN	NaN	167	264
Nz_008 copy 2		12	midPoint	0.25	1168	NaN	484480	8224	0	NaN	NaN	NaN	NaN	NaN	NaN	228	321
Nz_008 copy 2		13	midPoint	0.25	1168	NaN	484480	8224	0	NaN	NaN	NaN	NaN	NaN	NaN	102	325
Nz_008 copy 2		14	angePoint	0.25	1168	NaN	484480	8224	0	NaN	NaN	NaN	NaN	NaN	NaN	196	352
Nz_008 copy 2		15	angePoint	0.25	1168	NaN	484480	8224	0	NaN	NaN	NaN	NaN	NaN	NaN	124	282
Nz_008 copy 2		16	angePoint	0.25	1168	NaN	484480	8224	0	NaN	NaN	NaN	NaN	NaN	NaN	126	363
Nz_008 copy 2		17	angePoint	0.25	1168	NaN	484480	8224	0	NaN	NaN	NaN	NaN	NaN	NaN	213	274
